FiniteElementSpace
FiniteElementCollection: ND_3D_P1
VDim: 1
Ordering: 0

0
0
0
-0
-0
0
0
0
0
-0
0.0373164
0
-0
0
0
-0.0523485
0
-0
0
-0.0648086
0
-0
-0
0.0440569
0.00674053
-0
0
-0
0
0
0
0
-0
0
0
0
0
-0
0
-0
0
-0
0
-0
0.0542218
-0
-0
-0.0573942
-0.0380655
-0
-0
0.0356333
0
-0
0
-0.0286547
-0.0686425
-0.0330091
-0.0904034
-0.0467396
0.0137305
0.0373235
0.0270869
-0.0698871
0.0644104
-0.0325636
0.096974
-0
-0
-0
-0
0
-0.0379782
-0.00242528
0.0275393
-0.0355529
0.0655175
0.0299645
0.0681584
0.020854
-0.0288156
0.0473044
-0.0496696
-0.0171059
0.0834843
0.0488582
-0.0346261
0.0509206
0.0162945
-0
-0
0
0
0
0
0.0264322
0.0159953
-0.0104369
-0.0484151
-0
0
-0
0
0
0
0
-0.0423851
-0.0507521
-0.0464325
-0.00836694
-0.076212
-0.0774793
-0.0748432
0
-0
-0
0
0
0
0
0
0
-0
-0
0.0675506
0.0682054
0.0474872
-0.000654767
0.0200634
0.0207182
0.0134523
0
-0.0729618
0
-0.0595095
0
-0
0
-0
-0
0
-0
-0
-0
-0
0
0
0
-0
0
0
0
0.0241442
-0.0380634
-0.0182405
0.0622076
0.00590371
-0.0563039
0.00214343
0.0262876
-0.03592
-0.089576
-0.00760702
-0.032124
-0.081969
-0.057452
-0.024517
0.00261423
-0.0477939
-0.0219027
0.0504082
0.0258912
-0.015999
-0.0782067
0
-0
0
-0
0
0
0
-0
0
-0
0
-0
0
-0
0
0
-0
0
-0
-0
-0
-0
0
-0
0
0
0
0
0
-0
-0
-0
-0
-0
-0
0
0
0
-0
0
0
0
0
-0
-0
-0
-0
-0
0
0
0
0
-0
0
-0
-0
-0
-0
0
0
0
-0
-0
0
0
0
0
-0
-0
-0
0
-0
0
0
0
-0
-0
-0
0
-0
-0
0.00256605
0
0
-0.0623306
0
0
0.00938607
-0.0268068
0
0.0613055
0
-0
-0.0520914
0.0238932
-0.0617258
-0.0281982
0.00963442
-0.0378326
0.0430708
0.0527052
0.0809034
0.00669811
0.0335049
-0.0506279
-0.057326
-0.0841327
0.0333061
0.0117801
-0.0187853
0.0638716
0.0450863
0
-0.0455921
0.0356733
-0.0220948
-0.0185968
-0.0694563
-0.00349802
0.0473615
0.0508595
-0
-0
0
-0
-0
-0
-0
-0
-0
-0
0
-0
0
-0
0
0
-0
-0
-0
0
-0
0
0
0
-0.0983583
-0.0602867
-0.0421662
0.0181205
-0
0
-0
0
0
0
0
0
0
0
0
-0
-0
-0
0
0
0
-0
-0
0
-0
0
-0
0
0
0
0
-0
-0
-0
0
0
0
-0
-0
-0
-0
0
0
-0
-0
-0
-0
-0
-0
-0
-0
-0
0
-0
0
-0
-0
0
-0
0
-0
-0
0
-0
-0
-0
-0
0
-0
-0
-0
-0
0
0
-0
-0
-0
0
-0.0150321
-0
-0
-0
0
0
0.00838197
0.055945
-0.0425386
-0.047563
-0.00502438
-0.0220974
-0.0655102
-0.0876076
-0.0738771
-0.113613
0.0671808
-0.0755478
-0.0602605
-0.0246272
0.0473047
-0.0663086
-0.0198761
0
-0
-0
-0
0
-0
0
-0
0
-0
0
-0
0
-0
-0
-0
0
0
-0
0
0
0
-0
0
0
-0.00830317
-0.0566027
0.00770338
0.0482996
-0.0160065
0.0643061
0.111031
0.0633207
0.0629624
0.0477105
-0.0480688
-0.000358329
0.0756288
0.028673
0.0916353
0.0469558
0.0458862
-0.0457491
0.0378071
0.00807913
-0.0835562
-0
-0
0
-0
-0
0
-0
0
-0
0
0
-0
0
-0
0
0
0
0
-0
0
0
0
-0
0
0
0
-0
0
0
-0
-0
0
-0
-0
0
-0
0
-0
0
0
-0
-0
-0
0
-0
-0
0
-0
0
-0
0
0
-0
-0
0
-0
0
-0
0
-0
0
-0
0
0
0
0
0
0
0
0
0
0
-0
0
-0
0
-0
0
0
0
0
-0
-0
0
-0
0
0
-0
-0
-0
0
0
0
0
-0
-0
-0
0
-0
0
-0
0
-0
0
0
-0
-0
0
0
-0
0
0
0
-0
-0
0
-0
-0
-0
0
0
-0
0
-0
-0
-0
-0
-0
-0
0
-0
0
0
0
0
-0
0
-0
0
0
0
-0
-0
-0
-0
0
-0
0
0
0
-0
0
-0
-0
-0
0
-0
0
0
-0
-0
0
-0
-0
0
0
-0
0
-0
-0
0
-0
-0
-0
-0
0
-0
0
0
-0
-0
-0
0
-0
-0
0
-0
0
0
0
-0
-0
0
-0
0
0
-0
-0
0
-0
-0
0
0
0
-0
-0
-0
0
0
-0
-0
-0
-0
0
-0
0
0
0
0
0
0
-0
-0
0
0
-0
-0
-0
-0
0
-0
-0
-0
0
0
-0
0
-0
0
0
-0
0
-0
-0
0
-0
0
-0
0
0
-0
0
-0
0
0
-0
0
0
-0
-0
-0
0
-0
-0
0
0
-0
0
0
-0
0
-0
-0
-0
0
-0
0
-0
0
0
0
0
0
0
0
0
0
-0
-0
-0
0
0.0152216
-0.0321399
-0.0827706
0.0393821
-0.00797937
-0.0433885
-0.09075
0.0538165
-0.0141093
0.0679258
0.0458371
-0.0220887
-0.0668121
0
-0
-0
-0.0288353
0
-0
0
0
0
-0.00422081
-0.0500579
0
-0
0
0
0
-0
0
-0
0
0
0
-0
-0
0
-0
0
0
-0
-0
0
0
0
0
0
0
-0
-0
0
0
0
-0
-0
-0
-0
-0
0
-0
-0
-0
-0
-0
-0
-0
0
0
0
-0
0
-0
-0
-0
0
0
-0
0
0
-0
-0
-0
0
0
0
0
-0
-0
-0
0
-0
-0
-0
0
-0
-0
-0
-0
-0
0
0
0
-0
-0
0
-0
-0
-0
0
-0
-0
-0
-0
0
0
0
0
0
0
0
0
-0
-0
-0.0786362
-0.0230823
-0.0398363
0
0
-0.0167539
0
-0
0
0
0
0
0.00674191
-0.0204761
0.0465782
0.027218
0.0670543
-0
0
0
0
0
-0
-0
0
0
0.0250388
-0.0176407
-0.0426795
0
0
0
0
0
-0
-0
0
-0.0846949
-0.0343946
0.0503003
-0.0420155
0.020103
-0.0219125
0.0451417
0
-0
-0
0
-0
0
-0.0716835
0.0271481
-0.0413807
-0.0988316
-0.0303028
-0.0685289
0.0513622
-0.0203213
0.0785104
-0.0225806
-0.0739428
0.0377283
-0.0603089
-0.111671
-0
-0
0
-0
-0
0
-0.107872
-0.0361887
-0.05651
-0
-0
-0
0
-0
-0
-0
0
0
-0
0
0
-0
-0
-0
-0
0
0
-0
0
-0
0
-0
0
0
-0
0
-0
-0
0
-0
-0
0.0292812
0
0
0
0
-0
0
-0
-0
0
0
0
0
-0
-0
-0
-0
-0
-0
-0
0
-0
0
0.0710873
-0
0.00288188
0
0
-0
-0
0
-0
-0.116205
-0.0246695
0.091536
0.043973
-0.0333943
-0
-0
0
0
-0
-0.0400147
-0
-0.0738908
-0.0421811
-0.0298389
-0.0698536
-0.07202
-0.0496769
0.0105836
-0.0682653
-0.0788489
0.0463519
-0.0451841
0.0888481
0.00268792
-0.0448751
0
-0
0
-0
0
-0
0
0
-0
-0
-0
0
-0
-0
-0
-0
-0
-0
-0
-0
-0
0.010549
-0
0
0
-0
0
0
0
-0
0
0
-0
0
-0
-0
0
-0
0
-0
0
-0
0
0
0
-0
-0
-0
-0
-0
-0
-0
0
-0
0
-0
0
-0
0
-0.0626927
0.0959964
0.0619937
0.0232667
-0.0340027
-0.0727298
0.038727
-0
-0
0
0
0
-0
-0.00752082
-0
0
-0
-0
-0
0
-0
-0
-0
-0.0488247
0.0273874
0
0
0
0
0
0
-0
0
0
-0
-0
-0
0
0
-0
-0
-0
0
-0
0
-0
0
-0
0
-0
-0
0
0
0
0
0
0
-0
-0
0
0
0
0
0
0
0
0
0
-0
0
-0
0
-0
0
0
0
0
0
0
0
0
-0
0
-0
-0
-0
0
-0
0
-0
-0.00132352
0.00929112
-0.0656006
-0.0106146
-0.0642771
-0.0748917
-0.0392115
-0.0503645
0.000137858
-0.0894382
-0.00746916
0.014968
-0.0536854
-0.0212063
-0.0686535
-0.00623824
-0
0
-0
0
0
0
0.00809292
-0.0485098
-0.0422716
0
0
-0
-0
0
0.0939861
-0
-0.082802
0.0595914
-0.0232105
0.0254886
0.0852122
0.0486991
0
-0
-0
0.000810872
-0.0899267
-0
-0.0748946
0
0
0
-0
0
-0.0577868
0.00869326
-0.0171078
-0.06648
-0.00841453
-0.0526661
0.0077638
0.0604299
-0.0610806
-0.000650727
0
0.013814
0
-0.0654593
-0.0732231
0.0944038
0.0880718
-0.0503947
-0
-0
0
0.0576566
-0
0
-0
0
-0
0
0
0
0
0
-0
0.00144685
0
-0.0224931
-0
0.0239399
0
-0
-0
0
-0
0
0
-0
0
0
-0
0
0
0
0
0
-0
0
0
0
-0
-0
0
0
0
0
0
-0
0
-0
-0
0
0
0
0
-0
-0
-0
0
0
0.0644718
-0
-0.000827942
0
-0
-0.0837383
-0.0522902
0.004562
0.0121816
-0.0691574
0.0253326
-0.0269575
0.0586388
0.0855963
0.0187252
0.0399135
-0.0181089
-0
0
-0.0662115
-0.0213364
0.00400709
-0.0253435
-0.040868
0.0715577
0.0462142
0
0
-0.00276663
-0
-0.0464304
-0
0
0
-0
0
-0
0
0
0
-0
-0
-0
0
0
0
-0
0
-0
-0
-0
-0
-0
-0
0
0
-0
-0
-0
-0
-0
-0
0
-0
-0
-0
0
-0
-0
-0
0
-0
0
0
0
-0
0
0
0
0
0
0
-0
-0
0
-0
-0
-0
0
0
0
0
-0
0
-0
0
0
-0
0
-0
-0
-0
0
-0
-0
-0
-0
-0
-0
0
0
0.0544855
0
-0.0188193
-0
0
-0
0
0
0
-0
0
0
0
0
0
0
-0
0
-0
-0
-0
0
-0
-0
0
-0
0
-0
0
0
0
-0
-0
-0
-0
0
0
-0
0
0
0
-0.0227586
-0.0478422
-0
0
0
-0
0
0
0
-0
-0.0604885
0.028726
-0.0855721
-0.0317626
-0.0568461
-0
0
0
0
-0
0
0
0
-0
-0
0
-0
0
-0
0
-0
-0
-0
-0
-0
-0
-0
0
0
-0
-0
0
-0.0998413
-0.0166418
-0.0659151
0.0831995
0.0339262
-0.0492734
-0.000176693
0.0586854
-0.0341029
-0.0588621
-0.0247592
0.00771597
0.0445869
-0.0415574
0.0368709
0.0861443
0
0.047896
0.00633858
-0
-0
-0
-0.0800759
-0.0385185
-0
0.0243577
0.0773661
-0.0446348
-0
0
0
-0.0317139
0.0269715
0.0186808
0
0
-0
-0
-0
0
-0.0115471
0.0542459
0
0
-0.0218021
0.0275582
-0
-0
0
-0
-0
0
0
-0.0384463
-0.0862402
-0.0202358
-0.0506485
-0.0304127
-0
-0.0239607
0.0292624
-0
-0
0
0
0
-0
0
-0
0
-0
0
0
0
-0
-0
0
-0
0
-0
0
-0
-0
0
-0
-0
-0
-0
-0
-0
0
-0
-0
0
-0
-0
-0
-0
-0
0
0
0
-0
0
0
0
-0
-0
0
-0
-0
0
-0
-0
-0
0
-0
0
0
-0
0
0
-0
-0
0
0
-0
-0
-0
-0
-0
0
-0
0
-0
-0
0
-0
0
-0
0
0
-0
0
0
-0
-0
0
-0
-0
0
-0
-0
-0
-0
0
0
-0
0
0
0
-0
-0
0
0
-0
-0
0
-0
0
0
0
0
0
0
-0
0
0
0
0
-0
-0
0
-0
-0
-0
-0
-0
-0
-0
-0
-0
0.0974323
-0.0377299
0
0.0714054
-0.0132895
-0
-0.0517083
0.0454569
0.0772195
-0.00625138
0.0255112
0.0350967
0.0868049
0.0805536
0
0
-0
0
-0
0
-0
-0
-0
0
-0
0
0
0
-0
0
-0
-0
-0
0
0
-0
0
0
0
0
0
-0
0
0
-0
-0
0
-0
-0
-0
0
0
0
0
-0
0
0
-0
-0
0
0
-0
-0
0
-0
0
-0
0
0
-0
0
0.0686613
-0.0234516
0.0452097
0.059319
0.0659641
-0.0139772
-0.0486033
0.034881
-0.00589703
-0.040778
0.0425181
0.083296
0.0246929
0
0
-0
-0
0
-0
-0
-0
-0
-0
-0
-0
0
-0
-0
0
0
-0
-0
-0
-0.0750306
0.00878011
-0.0817725
-0.0838107
0.0020382
-0.060915
-0.00143643
-0.0809216
0.0794851
-0
-0
0
0
0
-0
-0
-0
-0.0916915
-0.0397862
-0.0519053
-0.0495253
0.00238002
-0.040832
0.0310102
-0.0208951
0.0283088
-0.0802141
0.00255651
0.0425125
0.045069
0.0981225
-0.0915694
0.00655308
0.0957424
-0.0891894
0
-0
0
-0
-0
-0
-0.0114774
-0.0579067
0
0
-0
-0
-0
-0
-0
-0
0
0
-0
-0
0
0
0
0
-0
-0
-0
0
-0
-0
0
-0
-0
-0
-0
0
0
0
-0
0
0
-0
-0
0
-0
0
0
0
-0
-0
-0
-0
-0
-0
0
-0
0
-0
0
-0
-0
0
0
0
-0
0
-0
0
-0
0
0
-0
0
0
0
0
0
-0
-0
0
-0.0315195
-0
0
-0.0504321
-0.0528572
0.0262995
-0
-0.0265577
0
0
0
0
-0
-0.0744983
-0.0314275
-0
-0
0
0
0
0
-0.00308708
-0.0354264
0.0323393
-0
-0
0
0
0
0
0
0
0
-0
-0
0
-0.068664
0
0
0
0
-0
-0
-0
0
-0
0
-0
-0
0
-0
0
-0
0
-0
0
0
0
-0
-0
-0
-0
0
-0
-0
-0
0.0055698
-0.0219107
-0.0103772
0.0407101
-0.0626208
-0.0522436
0
-0
0
-0
0
0
-0
-0
-0
-0
0
0
-0
-0
-0
0
-0
-0
0
-0
0
0
-0
0
0
0
0
0
-0
0
0
0
-0
0
-0
-0
0
-0
0
0
0
-0
-0
0
0
0
0
-0
0
0
0
0
0
0
0
0
0
-0
0
0
0
0
0
0
0
-0
0
-0.0304661
-0.0410152
-0.0626412
-0.0112906
0.0164897
-0.0739319
-0.0791309
0.00519904
-0.0533338
0
-0
-0.0466347
0.00166488
-0.0359199
0.0446451
-0.0344858
0.080565
0.00143411
0
0
-0
-0
-0
-0
0
0
0
-0
-0
0
0
-0
0
0
0
-0
-0
-0
0
0
-0
0
-0
0
-0
0
-0
0
-0
-0
0
0
-0
0
0
0
-0
-0
0.0422909
0.0326659
-0
0.00962505
0.0614948
0.0518698
-0
-0
0
-0
0
-0
-0
0
-0.0315608
0.0740734
-0.0219358
-0.0644483
0.0600332
-0.015135
-0.0125785
0.0766299
-0.0331447
0.0112089
-0.0313036
0
0.0916483
-0.0309219
0
0.0607264
-0
-0
-0
-0
-0
0
-0
-0
0
-0
0
-0
-0
0
0
-0
0
0
-0
0
0
0
0
0
-0
0
-0.0663587
-0.0828484
-0.00554893
-0.0811777
-0.0523621
0
0
0
-0
0
-0
-0
-0
0
-0
-0
0
0
0
-0
-0
0
-0
-0
0
-0
-0
-0
0
0.0261508
0.0648627
0
0
-0
-0
-0
0
-0.0210335
0.00966502
-0.0306985
-0.0528984
-0.0835969
0
0
-0
0
0
-0
-0
0
-0.0358926
-0
0
0
-0
0
0
0
-0
-0
-0
0
0
0
-0
0
-0
-0
-0
-0
-0
-0
-0
-0
-0
0
0
0
-0
0
0.0188797
-0
-0
0
-0
-0
-0
-0
0
0
0
0
0
-0
-0
-0
-0
0
0
0
-0
0
0
-0
0
-0
-0
-0
-0
0
-0
-0
-0
0
0
-0
-0
0
0
-0
-0
0
-0
0
0
-0
-0
0
0
0
0
-0.0641753
-0
0
-0.0851965
0.0644149
0.0657384
0.0449034
-0.00878206
0.0653794
-0.0741615
0
0.0502057
-0.0989593
-0.00265142
0.0963079
0
-0
0
-0
-0
-0.0864941
0.0287452
0.0343515
-0.0577489
-0.0521426
-0.00560625
-0
0
-0
-0
0
0
-0
0
0
0
-0
0
-0.0944773
0.00907826
0.0478916
-0
-0
0
-0
-0
0
-0
0
0
0
-0
0
-0
-0
-0
-0
-0
-0.0719078
-0.0431626
0
-0
-0
-0
-0
0
-0
-0
0
0
0
-0
0
0
-0
0
-0
0
-0
-0
0
0
0
0
0
0
0
0
-0
0
-0
0
-0
0
0
0
-0
-0
0
-0
0
-0
-0
0
-0
-0
-0
-0
-0.0709053
0.011591
-0.0485254
-0.0824963
0.0223799
-0.0601163
0
0
0
-0
0
-0.0378012
-0.079635
-0
0
0
-0.0117466
-0.0141266
-0.0720333
0.0902435
-0.0866355
-0
-0
-0.00463133
-0.0525229
0.067402
0.0195104
0
0
-0
0
-0
-0
0
-0
-0
-0
-0
0
-0
0
-0
-0
0
0
-0
-0
0
-0
0
-0
0
0
0
0
-0
0
0
0
0
-0
-0
0
-0.0495278
0.0172881
0.0158516
0.0668159
0
0
0
0
0
0
0
0
-0
-0
-0
0
0
-0
-0.0683687
-0.0784149
-0.0496697
0
-0.0780566
-0
-0
0
-0
0
-0
-0.0548832
-0
0.00843746
-0
-0
-0.0955559
0.0470306
-0.0899497
0
-0
-0
-0
-0
0
0
0
0
0
-0
-0
-0
0
-0
-0
-0
0
0
0
-0
-0
-0
0
0
0
-0
-0
0
-0
0
-0
-0
0
0
0
0
0
-0
0
-0
0
0
-0
0
0
-0
0
0
0
0
-0
-0.0347478
-0
0.0477485
-0
-0
0
0
-0
-0
-0
0
-0
0
-0
0
0
-0
-0
-0
-0
0
-0
-0
0
-0
-0
-0
-0
-0
-0
-0
-0
-0.0562086
-0.00846012
-0.0234264
-0
0
0
-0
-0
-0
0
0
-0
0
0
-0
-0
0
0
0
0
0
0
-0
0
0
0
0
-0
0
0
-0
0
0
0
0
0
0
0
-0
-0
0
0
0
0
-0
0
0
0
0
-0
-0
0
-0
-0
0
0
0
0
0
0
-0
-0.112951
-0
0
-0
0
0
-0
-0
-0
-0
-0
-0
-0
-0
-0
-0
-0
0
-0
0
-0
-0
-0
-0
0
-0
0
0
0
0
-0
0.0389117
0
0
-0
0
0
0
0.0585134
0.00734169
0.0373062
0.0157963
0.00167063
-0.00721957
-0.00361588
-0
0
-0
0.0451101
0.0761203
0.024215
-0
0
-0
0
-0
-0
0
0
-0
0
0
0
0
0
0
0
0
0
0
0
0
0
-0
0
0
0
-0
-0
-0
-0
-0
-0
-0
-0
0
0
0
-0
0
0
-0
0
0
0
-0
0
0
-0
-0
0
0
0
0
-0
0
0
-0
0
-0
-0
-0
0
0
-0
0
-0
-0
0
0
0
-0
0
0
-0
-0
0
0
0
0
0
-0
0
-0
-0
-0
0
0
0
-0
0
0
-0
-0
-0
0
-0
-0
0
0
-0
0
-0
-0
-0
0
0
0
0
-0
-0
0
0
-0
-0
-0
-0
-0
0
0
-0
0
0
0.043664
-0
0
0
0
0.00669501
-0
-0
-0
-0
-0
-0
-0
0
0
-0
0
-0
-0
0
-0
0
0
-0
-0
-0
0
-0
0
0
-0.0480136
-0.0984218
0.0444535
-0.0194181
-0
0
0
-0
-0
0
-0.0964011
-0.0533303
0
0
0
0
0
0
0
0
-0
-0
-0
-0
-0
-0
-0
0.0477731
-0.0718841
0.0508602
-0.0241109
-0.0749712
-0.0715708
0
0
-0
0
0
-0
-0
0
0
0
-0.0700737
0.0283481
-0.0196656
0
0
0
-0.0622498
-0
0.0324962
0
0
0
0
0
0
0
-0
0
0
-0
-0.0394461
-0
-0
0
0
-0
0
0
-0
0
0
-0
-0
0
0
-0
-0
0
0
-0
0
-0
-0
-0
-0
0
-0
0
-0
0
-0
0
-0
0
-0
0
-0
0
0
0
0
0
-0
0
0
0
0
-0.0881069
0
0
0
-0
0
0
-0
-0
-0
0
0.0596751
0.00181974
0.0169548
0.0462172
-0
0
0
0
-0
0
0
-0
0
-0
0
0
0
0
-0
0
0
-0
-0
-0
0
-0
-0
0.0765468
-0
-0.021875
-0
0.0481987
0
0
0
-0
0
0
0
0
-0
0
0
0
-0
0
0
-0
0
-0
0
0
0
-0
-0
0
-0
-0
-0
0
-0
-0
0
-0
-0
-0
0
0
-0
0
0
-0
-0
0
0
0
-0
0
-0
0
0
0
0
0
0
0
0
-0
0
0
0
0
0
-0
0
-0
-0
-0
-0
-0
-0
0
0
0
0
-0
-0
0
-0
0
0
-0
-0
-0
-0
-0
-0
0
0
-0
-0
-0
-0
0
0
0
-0
0
0
0
-0
0
0
0
-0
0
-0
-0
-0
0
-0
-0
-0
0
0
-0
0
-0
-0
-0
-0
0
-0.0266714
-0
-0
0
0
0
0
-0
0
-0
-0
0
-0
0
0
-0
0
-0
-0
-0
-0
-0
0
-0
0
0
-0
-0
-0
-0
0
0
0
0
0
-0
0
0
0
-0
0
-0
0
0
0
-0
0
-0
-0.055967
0.0842806
-0.0600655
-0.0220021
-0.0379998
0
-0.0583267
0
-0
-0
0
0
0
0.10437
0.0587878
0
-0
-0.0774427
0
0
0
-0
-0
0
0
0
-0
-0
-0
-0
0
-0
-0
-0
-0
0
0
-0
0
0
-0
-0
-0
0
0
-0
0
0
0
-0
-0
-0
0
0
-0
-0
0
-0
0
-0
0
0
0
0
-0
0.0285887
0.0210576
-0
-0.0989431
0.00542707
-0.0619749
-0
-0
-0.0474266
-0.0737142
-0.0579221
0
0
-0
0
0
0
0.102521
0
0
0
-0
-0
-0
0
-0
-0
0
0
-0
0
0
-0
0
0
0
-0
0
0
-0
-0
0
0
-0
0
-0
-0
-0
-0
-0
0
0
-0
0
0
0
0
0
0
0
-0
0
-0
0
0
-0
-0
0
-0
0
0
-0
-0
0
0
-0
0
0
-0
-0
-0
-0
0
0
0
0
0
-0
-0
-0
-0
-0
-0
0
0
-0.060763
0.0430764
-0.015449
-0
-0
0
-0
-0
-0
-0
-0
-0
0
0
-0
0
0
0
-0
0
-0
0
-0
0
0
-0
0
-0
0
-0
0
0
0
0
0
-0
-0
-0
0
-0
-0
0.0385381
0.0518276
0
0
0
0
-0
0
0.0336771
-0.081943
-0.0593623
0.0836078
-0.0301154
0.0317802
0.0544609
0.0167309
-0.0371874
0.0539183
0
0
-0
-0
-0
-0
-0
-0
-0
0
0
0
0.0856603
0
-0
-0
-0
-0
-0
0
0
0
0
-0
-0
0
0
0
0
0
0
-0
-0
-0
0
0
0
0
-0
-0
0
0
-0
0
0
-0
-0
-0
-0
0
0
-0
-0
-0
-0
-0
0
-0
0
0
-0
-0
-0
0
0
0
0
0
-0
-0
0
0
-0
0
-0
0
-0
0
0
-0
0
-0
-0
0
0
-0
-0
0
0
0
0
-0
-0
0
-0
0
-0
0
0
0
0
-0
-0
0
0
-0
-0
-0
-0
-0
-0
0
0
-0
-0
-0
0.0675024
0.0238704
-0.0365233
-0
0
-0
-0
-0.0999649
-0.0591869
-0.0547552
0.105595
0.0537255
0.041147
0
0
0
0
-0
0
-0
0
-0
0
0
-0
0
-0
0
-0
-0
0
-0
-0
-0
0
-0
-0
-0
0
-0
-0
0
-0
-0
-0
-0
-0
-0
-0
-0
-0
-0
-0
-0
0
-0
-0
0
0
0
0
-0
-0
-0
-0
0
0
-0
-0
0
-0
0
0
0
-0
-0
-0
-0
-0
-0
0
0
-0
-0
-0
0
0
0
-0
0
-0
0
-0.103195
-0.0405944
-0
0.0606221
0.062601
0
0
-0
-0
-0
-0
-0
0
-0
0
0
-0
0
-0
0
-0
-0
0
-0
0
-0
-0
0
-0
0
0
-0
-0
-0
-0
-0
-0
-0
-0
-0
-0
0
-0.0550554
-0.0642597
-0.0718769
-0
-0
-0
-0
-0
-0
-0
0
0
0
0
0
-0
0
-0
0
0
-0
-0
0
0
-0
-0
-0
-0
0
-0
0
-0
-0
0
-0
-0
-0
0.0229964
0.0700092
0.00928282
-0
0
-0
0
-0
-0.0430902
0
-0
0
0
0
-0
-0
-0
0
-0
0
-0
0
-0
-0
0
0
-0
-0
-0
0
0
-0
0
-0
-0
0
0
-0
-0
0
0
0
-0
-0
0.0253579
0
-0.038783
-0.0104466
-0.0587462
-0.00137015
0.0135979
-0.0421337
-0.052184
-0
0
-0
0
0
-0
-0.0664915
0
-0.0459898
0
0
-0
-0
0
-0
-0.00800014
-0.0824868
-0.058129
-0
-0
-0
0
0
-0
0
0
0
0
-0
0
0
0
0
0
0
0
0
-0
0
-0
0
0
0
0
0
0
0
0
0
0
-0
0
-0
-0
0
0
0
-0
0
-0
-0
0
0
-0
-0.0460025
-0.0267273
0
-0
0
-0
0
0
0
-0
-0
-0
0
0
-0
-0
-0
0
-0
-0
-0
-0
0
0
0
0
0
0
-0
0
0
-0
0
0
0
-0
-0
0
-0
0
0
-0
-0
0
-0
0
0
0
0
0
0
0
0
-0
0
0
-0
0
-0
0
0
-0
-0
-0
-0
-0
-0
0
0
0
0
0
-0
-0
0
-0
-0
-0
-0
-0
-0
-0
-0
-0
-0
0.0152114
0
0
-0
0
0
0
0
-0
-0
0
0
-0
0
0
-0
-0
-0
-0
-0
-0
-0
-0
-0
-0
0
0
-0
-0
-0
0
-0
0
-0
-0
-0
0
-0
-0
0
0
0
-0
0
-0
0
0
-0
0
0
-0
0
-0.083553
0.00966217
-0
-0
0
-0
-0
-0
0
0
0
0
-0
0
0
-0
0
0
-0
0
-0
0
-0
0
0
-0
0
-0
0
-0
0
0
0
0
-0
-0
0
-0
0
0
-0
0
-0
0
0
-0
-0
0
0
0
0
-0
-0
0
-0
0
0
0
0
0
0
-0
-0
0
-0
-0.0622487
-0.0636851
0
0.0629593
0.041953
-0.00242019
-0
-0
-0.11955
0.0399148
-0.0721233
-0.0322085
-0
0
0
0
0
0
-0
0
-0
0
0
-0
0
-0
0
-0
0
0
-0
0
-0
0
0
-0
-0
0
-0
0
0
-0
-0
0
0
0
-0
0
-0
0
0
-0
0
0
0
-0
0
-0
-0
0
-0
0
0
-0.0343815
-0.049603
-0.0784383
-0.0275143
0.0178679
-0.0453822
-0.00224156
-0.054156
0
0
-0
0
-0
-0
0
-0
0
0
0
-0
-0
-0
0
0
0
-0
-0
0
0
-0
0
-0
-0
0
0
-0
0
-0
0
-0
-0
0
0
0
0
-0
0
-0
0.0387879
0
-0
-0
0
-0
-0
0
-0
0
-0
0
-0
0
-0
-0
-0
0
0
-0
0
0
0
-0
-0
0
0
-0
0
0
0
0
-0
-0
0
0
0
-0
-0
-0
-0
0
0.0407821
0
-0
-0
0
-0
-0
-0
-0
0
0
0
0
-0
0
-0
0
0
-0
0
0
0
0
-0
0
-0
-0
0
0
-0
-0
0
-0
-0
0
-0
-0
0
0
-0
0
0
0
0
0
0
0
-0
0
-0
-0
-0
-0
0
0
-0
0
-0
0
-0
-0
-0
-0
0
-0
-0
0
0
0
0
-0
-0
0
0
-0
-0
-0
-0
0
0
-0
0
0
-0
0
-0
-0
0
-0
-0
0
0
0
-0
0
-0
0
0
-0
-0
-0
-0
0
-0
-0
0
-0
-0
-0.00959311
-0.0390102
-0.0201767
-0
-0
0
-0
0
0
-0
-0
-0
0
0
-0
0
0
-0
-0
0
-0
0
-0
0
0
0
-0
0
-0
-0
0
-0
0
0
0
-0
0
0
-0
-0
0
0
-0
-0
-0
0
0
0
0
-0
0
-0
0
0
-0
-0
-0
0
0
0
0
-0
0
-0
0
-0
0
-0
-0
-0
0
0
0
0
-0
-0
-0
0
-0
0
0
-0
0
0
-0
-0
-0
-0
0
-0
0
-0
0
0
0
0
0
0
0
0
0
0
0
0
-0
0
-0
0
-0
-0
-0
0
-0
0
-0
-0
-0
0
0
0
-0
0
0
-0
0
-0
0
0
-0
0
0
-0
-0
-0
0
0
0
0
-0.0481159
0
0
-0
0
0
-0
0
-0
0
-0
0
-0
-0
-0
0
-0
-0
-0
-0
0
0
-0
-0
0
0
-0
0
0
0
-0
-0
0
0.020691
0
-0
-0
-0
0
0
0
0
0
-0
0
-0
0
0
0
0
-0
0
-0
-0
-0
0
-0
0
0
0
0
-0
-0
-0
0
-0
0
-0
0
-0
-0
0
-0
-0
-0
-0
0.0296895
0.0668769
-0
-0
0
-0
0
0
-0
-0
-0
0
-0
0
-0
0
-0
-0
-0
0
-0
-0
-0
0
-0
0
-0
0
-0
0
0
0
-0
-0
0
0
0
0
0
-0
-0
0
0
0
-0
-0
0
0
-0
-0
-0
0
-0
-0
0
-0
-0
-0
0
-0
-0
-0
-0
0
0
0
0
0
-0
-0
0
-0
0
-0
0
0
-0
-0
0
0
-0
-0
-0.050723
0
-0.0816449
-0
-0
0
-0
-0
0
-0
-0
-0
-0
0
0
0
0
-0
0
0
-0
0
0
-0
-0
0
0
0
0
0
0
-0
-0
-0
0
0
0
-0
0
-0
0
0
-0
-0
0
0
-0
-0
-0
0
-0
0
0
0
0
-0
0
0
0
-0
-0
-0
0
0
0
-0
-0
0
-0
-0
0
-0
0
0
-0
0
-0
-0
0
-0
-0
-0
-0
0
0
-0
-0
-0
0
0
-0
-0
0
-0
0
0
-0
0
-0
-0
0
-0
-0
0
0
0
0
0
0
-0
0
-0
-0
-0
0
-0
0
0
0
0
0
-0
0
0
0
0
0
0
-0
-0
0
0
0
0
0
0
-0
-0
-0
-0
0
-0
-0
0
0
0
-0
-0
0
0
-0
-0
0
0
-0
-0.0829421
0
0
-0
-0
-0
-0
-0
-0
-0
-0
-0
-0
0
0
0
-0
-0
0
-0
-0
-0
-0
-0
-0
0
0
-0
-0
0
-0
-0
-0.0282381
-0.0589366
-0.0485594
0
0
-0
0
0
-0
0
0
0
-0
0
-0
0
0
-0
0
-0
0
0
-0
-0
0
-0
0
0
0
-0
-0
0
-0
-0
-0
-0
0.0227083
-0.0509464
-0
-0
0
0
0
-0
-0
-0
0
0
-0
0
-0
0
0
-0
0
0
-0
0
-0
0
0
0
0
0
0
-0
-0
0
0
0
0
-0
0
0
0
-0
-0
-0
-0
-0
-0
-0
0
0
0
-0
-0
-0
-0
0
-0
-0
-0
0
-0
-0
0
0
0
-0
-0
0
0
-0
-0
0
-0
0
-0
-0
-0
0
-0
-0
0
0
0
0
-0
0
-0
-0
-0
0
-0
-0
0
0
0
-0
-0
-0
0
-0
0
-0
-0
-0
-0
-0.0661122
0.0308409
0
-0.0969532
-0.0284562
0.068497
0
-0
0.0214383
-0
-0
0
-0
-0
-0
0
-0
0
0
-0
-0
-0
0
-0
0
0
0
0
0
0
-0
0
0
0
-0
-0
-0
0
-0
0
-0
0
0
-0
-0
-0
-0
0
-0
-0
0
0
0
-0
-0
0
-0
0
-0
-0
0
-0
0
0
0
-0
-0
-0
0
0
0
0
0
-0
0
0
-0
-0
-0
0
-0
0
-0
-0
-0
-0
-0
0
0
-0
0
0
-0
-0
0
0
-0
0
-0
0
-0
0
-0
0
0
0
0
-0
0
0
0
0
-0
0
-0
-0
0
0
0
0
-0
-0
0
0
-0
0
-0
-0
-0
-0
-0
-0
0
-0
-0.0606114
0
-0
-0
0
0
-0
-0
0
0
-0
0
0
-0
0
-0
-0
-0
0
-0
-0
-0
-0
0
0
0
-0
0
0
-0
-0
-0
-0
0
0
-0
0
0
-0
-0
0
0
0
-0
0
0
0.0927175
0
0
-0
0
0
-0
0
-0
0
-0
0
-0
0
0
0
0
-0
-0
0
0
0
0
-0
-0
-0
0
-0
-0
0.0672833
0.0811888
-0.0303461
0.0891958
0.0604506
0
-0
0
0
-0
-0
0
0
-0
-0
-0
-0
0
0
-0
-0
0
-0
0
-0
-0
0
0
-0
0
0
0
-0
-0
-0
-0
0
0
-0
-0
-0
0
-0
-0
0
-0
-0
-0
-0
0
0
0
0
0.0607247
0.027564
-0.0331608
-0
0
-0
-0
-0
-0
-0
0
-0
-0
-0
0
-0
-0
0
-0
-0
-0
0
0
-0
-0
0
0
-0
-0
-0
0
0
-0
0
0
-0
-0
0
-0
0
-0
0
-0
-0
-0
-0
-0
0
0
-0
0
0
0
-0
-0
0
0
-0
-0
0
-0
-0
0
-0
-0
-0
0
0
0
0
-0
-0
0
0
-0
0
-0
-0
0
-0
0
0
0
-0
0
0
-0
-0
-0
-0
-0
-0
-0
0
-0
-0
-0
-0
-0
0
-0
-0
0
-0
0
-0
-0
0
-0
0
0
-0
-0
0
0
0
-0
-0
0
-0
-0
0
-0
0
-0
-0
0
0
0
0
0
-0
-0
-0
-0
0
0
-0
0
-0
0
-0
0
0
-0
-0
0
0
-0
0
0
0
0
0
0
0
-0
0
0
0
0
0
-0
-0
0
-0
0
-0
0
-0
0
0
-0
0
0
0
-0
0
0
-0
0
-0
-0
-0
-0
-0
0
-0
0
-0
0
0
-0
-0
0
-0
0
0
0
-0
-0
0
0
0
-0
0
0
-0
-0
0
0
0
-0
-0
0
-0
0
-0
-0
-0
-0
0
-0
0
0
-0
-0
0
-0
0
0
-0
0
0
-0
0
0
0
0
-0
0
0
0
-0
-0.00269825
0
0
-0.0817487
-0
-0.000660046
-0
-0
0
-0
0
0
-0
-0
-0
0
0
0
0
-0
-0
-0
0
-0
0
-0
-0
-0
-0
0
-0
0
-0
-0
-0
-0
0
0
-0
0
-0
-0
0
0
0
-0
-0
0
0
0
-0
0
0
-0
0
-0
0
0
0
-0
-0
-0.0365776
0.0221078
-0
-0
0
0
0
0
0.0140506
0.00805719
0
-0
-0.0540579
0
-0
-0.0349907
0
-0
0
0
-0
-0.0586179
0
0
0
-0
-0
0
0
0
-0
0
-0
0
-0
0
0
-0
-0
0
-0
0
-0
0
-0
-0
0
-0
0
-0
0
-0
-0
-0
0
0
0
0
0
0
0
0
0
-0
-0
0
0
0
-0
-0
0
0
0
-0
0
0
0
0
0
0
-0
-0
-0
-0
0
-0
-0
-0
0
-0
0
-0
-0
-0
0
0
0
0
-0
0
-0
-0
0
-0
0
0
0
0
-0
-0
0
0
0
-0
-0
0
-0
-0
-0
-0
-0
-0
-0
-0
-0
0
0
-0
0
0
0
-0
-0
0
-0
-0
0
-0
-0
-0
-0
0
-0
0
0
-0
0
0
0
0
-0
0
-0
-0
-0
-0
0
-0
-0
0
0
0
0
-0
0
0
0
0
-0
-0
0
0
0
0
-0
0
-0
0
-0
-0
0
0
0
0
-0
-0
0
0
0
-0
-0
0
-0
0
-0
0
-0
-0
0
-0
0
0
-0
-0
-0
0
0
-0
-0
-0
0
0
-0
-0
-0
0
0
0
-0
-0
-0
0
-0
0
0
-0
0
-0
-0
-0
-0
-0
0
0
0
0
-0
0
0
-0
-0
-0
-0
-0
-0
-0
-0
-0
-0
0
-0
-0
-0
-0
-0
-0
-0
-0
-0
0
0
0
-0
-0
-0
0
0
0
0
0
-0
0
0
0
-0
-0
-0
0
0
-0
0
0
-0
0
0
0
-0
0
0
0
-0
-0
0
-0
0
0
0
0
-0
0
-0
-0
0
0
0
0
0
0
0
-0
-0
-0
0
-0
-0
0
0
0
-0
0
0
-0
0
-0
-0
-0
-0
0
0
-0
-0
-0
-0
0
0
0
0
-0
0
-0
-0
-0
0
-0
-0
-0
0
0
0
-0
-0
-0
-0
-0
-0
0
-0
0
0
0
0
-0
0
-0
0
-0
0
-0
0
0
0
0
-0
0
0
0
-0
-0
0
-0
0
-0
0
0
-0
-0
0
-0
-0
0
0
0
0
-0
-0
-0
0
-0
-0
-0
-0
-0
0
-0
-0
0
0
-0
-0
0
0
0
0
-0
0
0
0
0
0
0
-0
-0
-0
-0
0
0
0
-0
-0
0
0
0
-0
0
0
0
0
-0
0
-0
0
-0
-0
0
-0
0
0
0
0
-0
-0
-0
0
-0
0
-0
-0
-0
0
-0
0
-0
0
-0
-0
0
0
0
-0
0
0
-0
-0
-0
-0
0
-0
0
0
0
-0
-0
0
0
-0
-0
0
-0
0
0
-0
-0
0
0
0
0
-0
-0
-0
0
0
0
0
-0
-0
0
-0
-0
-0
-0
-0
-0
0
0
0
-0
0
0
-0
-0
-0
-0
0
-0
-0
0
0
-0
0
0
0
0
-0
0
-0
-0
0
0
-0
-0
-0
-0
0
-0
-0
-0
0
-0
0
-0
-0
0
-0
-0
0
0
0
0
0
-0
0
-0
0
0
-0
0
0
0
-0
-0
-0
0
-0
0
-0
0
-0
0
0
0
0
0
-0
0
-0
0
-0
-0
-0
-0
-0
0
-0
-0
0
0
-0
0
0
-0
0
0
-0
-0
-0
-0
-0
-0
0
0
0
-0
0
0
-0
0
0
0
0
0
0
0
-0
-0
0
-0
0
0
-0
0
0
0
0
0
-0
0
-0
-0
-0
-0
-0
-0
0
0
0
0
0
0
-0
0
0
0
0
-0
0
-0
0
-0
0
0
0
0
0
0
0
0
0
-0
-0
-0
-0
-0
-0
-0
0
0
-0
-0
-0
0
-0
-0
-0
-0
-0
-0
0
0
0
-0
0
-0
0
0
-0
0
-0
-0
0
0
0
0
-0
-0
0
0
0
-0
-0
-0
-0
-0
-0
0
-0
0
0
0
0
-0
0
-0
-0
0
0
-0
0
-0
-0
0
-0
-0
0
0
0
0
0
-0
0
-0
0
-0
0
0
0
0
-0
0
-0
-0
-0
-0
-0
-0
-0
0
-0
-0
0
-0
-0
-0
0
-0
-0
0
0
-0
-0
-0
0
0
-0
-0
-0
0
-0
0
-0
0
0
-0
0
0
-0
-0
0
-0
0
-0
0
0
-0
0
-0
-0
-0
0
-0
-0
0
0
0
0
-0
-0
-0
0
-0
-0
-0
0
-0
0
-0
-0
-0
-0
-0
0
0
-0
0
-0
-0
-0
-0
-0
0
-0
-0
-0
-0
-0
-0
0
0
-0
-0
0
0
-0
-0
-0
0
0
-0
-0
-0
-0
0
0
0
0
-0
0
-0
-0
-0
0
-0
0
0
-0
-0
-0
-0
-0
-0
0
0
-0
-0
0
0
-0
0
0
-0
-0
-0
0
-0
0
0
-0
0
-0
0
0
0
0
-0
0
0
-0
0
-0
0
0
-0
-0
-0
-0
0
0
-0
-0
-0
-0
0
-0
0
0.0502722
-0
-0
-0
0
0
-0
-0
-0
0
-0
-0
-0
0
0
-0
-0
-0
0
0
0
0
-0
-0
-0
0
-0
0
-0
0
-0
0
-0
-0.0067141
-0
0
-0
0
0
-0
-0
-0
0
-0
-0
-0
0
-0
0
-0
0
0
-0
0
0
0
0
0
0
-0
0
0
-0
0
0
0
-0
-0
-0
-0
-0
-0
-0
-0
-0
0
0
-0
-0
-0
-0
-0
0
0
-0
0
-0
0
0
-0
0
0
0
0
0
0
-0
-0
-0
-0
-0
0
0
0
0
-0
0
-0
0
0
-0
0
0
-0
0
0
-0
-0
0
0
0
0
0
0
-0
-0
0
0
0
-0
-0
-0
0
0
-0
0
0
0
-0
-0
0
-0
-0
-0
-0
0
0
0
0
-0
-0
0
0
-0
0
0
-0
0
-0
-0
0
-0
-0
0
-0
0
0
-0
0
0
-0
-0
0
0
0
-0
-0
0
-0
0
0
0
-0
-0
0
-0
0
-0
0
-0
-0
-0
-0
-0
-0
-0
-0
-0
-0
-0
-0
-0
0
-0
0
0
0
-0
-0
0
0
-0
0
0
-0
-0
-0
-0
-0
-0
-0
-0
-0
-0
0
0
-0
0
0
-0
0
0
-0
0
-0
0
-0
0
0
-0
0
0
0
0
0
0
0
0
-0
-0
-0
0
-0
-0
0
0
0
0
0
-0
-0
-0
0
-0
0
0
0
-0
0
-0
0
0
0
0
-0
-0
0
0
-0
-0
0
0
-0
0
-0
-0
0
-0
0
-0
-0
0
-0
0
0
0
0
0
-0
0
0
-0
0
0
-0
-0
0
0
0
0
0
0
0
-0
-0.0330561
-0
0.004897
-0
0
-0
0
0
0
0
-0
-0
-0
0
-0
-0
-0
0
-0
0
-0
0
0
0
0
0
-0
-0
0
0
-0
-0
0
0
-0
0
-0
-0
-0
-0
-0
0
0
-0
-0
-0
-0
-0
-0
-0
0
-0
0
0
-0
0
0
-0
0
-0
-0
-0
0
-0
-0
-0.0365101
0
-0
-0
-0
0
-0
-0
0
0
-0
0
0
0
-0
-0
0
0
-0
0
-0
0
0
-0
0
-0
-0
0
-0
-0
-0
-0
0
0
-0
0
0
0
0
-0
-0
0
0
0
-0
0
0
-0
0
-0
-0
0
-0
0
-0
0
-0
-0
0
0
-0
-0
-0
-0
-0
0
-0
-0
-0
0
-0
-0
-0
-0
0
0
0
-0
0
0
-0
0
0
-0
-0
-0
-0
0
0
-0
0
0
-0
-0
0
0
-0
0
0
0
0
-0
-0
0
-0
-0
-0
-0
0
-0
-0
0
-0
-0
0
-0
-0
-0
0
0
0
-0
-0
0
-0
0
0
-0
-0
-0
0
0
-0
0
-0
-0
0
0
0
0
0
-0
0.0656454
0
0.0154397
-0
-0
0
0
-0
0
-0
-0
-0.085851
0
-0
0
0
-0
0
0
0
-0
0
0
-0
-0
0
-0
0
0
0
-0
-0
0
0
0
-0
-0
-0
0
0.0424452
0.00928446
-0
-0
-0
0
-0
-0
0
0
-0
-0
0
-0
0
-0
-0
0
-0
-0
-0
0
0
-0
0
0
-0
0
0
-0
-0
-0
0
-0
-0
0
-0
-0
0
0
-0
-0
-0
0
-0
0
-0
0
-0
0
-0
-0
0
0
0
-0
-0
-0
0
0
0
-0
0
-0
0
0.0811124
-0
0
-0
0
-0
0
-0
0
0
0
-0
-0
-0
0
0
0
0
-0
-0
0
-0
0
0
-0
0
-0
0
0
0
0
-0
0
-0
0
-0
0
-0
-0
0
0
0
0
-0
-0
0
0
-0
0
0
0
0
-0
0
0
-0
-0
0
-0
-0
-0
-0.0282554
-0.0654428
0
0
0
0
-0
-0
0
0
-0
0
0
0
-0
-0
0
-0
-0
0
-0
-0
-0
-0
-0
0
0
0
-0
0
-0
-0
0
0
-0
-0
-0
0
0
-0
-0
0
-0
0
-0
-0
-0
0
0
0
-0
-0
0
-0
0
0
0
0
0
-0
-0
-0
0
-0
-0
-0
0
0
0
0
0
0
-0
-0
0
0
0
-0
-0
0
0
-0
-0
0
-0
-0
0
0
-0
0
0
0
-0
0
0
-0
0
0
-0
0
0
0
-0
-0
0
0
0
0
0
-0
-0
-0
0
-0
-0
-0
0
-0
0
0
0
0
0
0
-0
0
-0
-0
-0
0
-0
-0
0
-0
0
0
0
-0
-0
0
0
-0
-0
0
0
0
0
-0
-0
0
-0
0
0
0
-0
-0
-0
0
-0
-0
-0
0
0
0
0
0
-0
0
0
0
0
-0
-0
-0
0
0
-0
-0
-0
0
-0
0
0
0
0
-0
0
-0
-0
0
-0
0
-0
-0
-0
-0
0
-0
-0
0.00376962
0.0554779
-0
0
-0
-0
-0
0
-0
0
0
-0
0
-0
-0
-0
0
0
-0
-0.0516576
0
0.0531308
0.0943105
0
0
-0
0
0
-0.0358943
-0.0263543
0.0436424
-0
0
-0
0
0
0
-0
-0
0
-0
0
0
0
-0
0
-0
-0
-0
0
0
-0
0
0
0
-0
-0
-0
0
0
-0
0
0
-0
0
-0
0
-0
-0
0
-0
-0
0
0
0
0
-0
0
0
0
-0
0
-0
-0
-0
0
-0
-0
0
0
-0
-0
-0
0
-0
-0
-0
-0
-0
-0
-0
0
-0
0
-0
-0
0
0
-0
0
-0
0
0
0
0
0
-0
-0
0
0
0
0
0
-0
0
0
-0
-0
-0
-0
0
-0
-0
0
-0
-0
-0
0
0
0
-0
-0
-0
-0.0537403
0
0
-0.0518724
0.0207318
0
0.080418
-0
0.0285455
0
-0.0823391
0.00180509
-0
0.0841442
0.0472733
-0.0747708
-0.0378999
-0
-0
0
-0
-0
-0
0
0
0
0
-0.0317931
-0
0
0
-0
0
-0
-0
0
0
-0
-0
-0
0
-0
-0
-0
0
0.0174803
-0
-0
-0
0
-0
0
-0
0
-0
0
0
0
0
-0
-0
0
0
-0
0
-0
-0
-0
-0
0
0
-0
-0
-0
-0
0
0
-0
0
0
0
-0
-0
0
0
-0
0
0
0.100647
0
-0
0
0
0
0
-0
-0
-0
0
-0
-0
0
-0
-0
0
-0.100132
-0
-0
-0
0
-0
-0
0
-0
0
-0
-0
-0
0
0
0
-0
-0
0
0
-0
-0
-0
-0
-0
0
0
0
0
0
-0
0
-0
0
0
-0
0
0
-0
0
0
-0
0
0
0
-0
0
-0
0
0
0
0
-0
0
0
-0
0
-0
-0
0
-0
0
0
0
0
0
-0
0
-0
0
-0
-0
0
0
-0
-0
0
0
0
-0
-0
0
-0
0
0
0
-0
0
0
0
-0
-0
-0
-0
-0
-0
-0
-0
-0
-0
0
-0
-0
-0
0
0
0
-0
0
0
-0
-0
-0
0
-0
0
0
-0
0
0
-0
0
0
0
-0
-0
0
-0
-0.0723063
-0
0
0
0
0
-0
0
-0
0
0
-0
0
0
0
0
-0
-0
0
0
-0
-0
0
-0
0
0
-0
-0
-0
-0
0
0
0
0
-0
0
0
0
0
-0
-0
-0
-0
-0
0
0
-0
-0
0
0
-0
0
0
0
0
0
0
0
-0
0
0
-0
-0
-0
-0
0
-0
0
-0
0
-0
-0
-0
-0
-0
0
0
-0
-0
0
-0.0386182
0
0
0
0
-0
-0
0
-0
0
0
0.0729144
0.111641
0
-0
0
0
0
-0
0
0
-0
-0
-0
0
0
-0
-0
0
0
-0
-0
-0
-0
-0
-0
0
0
-0
0
-0
0
0
0
0
0
0
0
0
0
0
-0
0
0
-0
0
0
0
0
0
-0
0
-0
-0
-0
0
-0
-0
-0
-0
0
-0
-0
-0
0
-0
-0
-0
-0
0
0
-0
0
0
0
0
-0
-0
-0
0
-0
0
0
-0
-0
0
0
-0
-0
-0
-0
0
-0
0
-0
0
-0
0
-0
-0
-0
-0
-0
0
0
-0
0
0
0
0
0
-0
0
-0
-0
-0
0
-0
-0.0746755
0
-0
-0
-0
-0
0
-0
-0
-0
0
-0
-0
-0
-0
-0
0
-0
0
-0
-0
-0
-0
-0
0
-0
0
0
0
0
-0
0
0
-0
-0
-0
-0
-0
-0
-0
0
-0
0
0
0
-0
-0
-0
-0
0
-0
-0
0
0
-0
0
-0
-0
0
-0
-0
-0
0
0
-0
0
0
0
0
0
-0
0
-0
0
0
0
0
0
0
-0
-0
0
0
0
0
-0
0
0
0
-0
-0
-0
0
0
0
0
0
0
0
-0
-0
0
-0
0
-0
0
-0
0
0
0
0
-0
-0
-0
-0
-0
-0
0
0
-0
0
0
0
-0
0
0
-0
0
-0
-0
-0
0
0
-0
0
-0
-0
-0
0
0
0
-0
-0
-0
-0
-0
0
0
0
-0
0
0
-0
-0
0
0
-0
-0
0
0
0
-0
0
0
-0
-0
0
-0
0
0
0
-0
0
-0
0
-0
0
0
0
-0
0
0
0
0
-0
0
-0
-0
0
-0
0
0
-0
-0
0
0
-0
0
-0
0
-0
-0
0
-0
0
0
0
-0
-0
-0
-0
0
0
0
-0
0
0
-0
0
-0
-0
-0
-0
-0
0
0
0
-0
-0
0
-0
-0
0
0
0
-0
0
-0
-0
0
-0
0
-0
0
0
-0
0
-0
0
0
0
-0
-0
-0
0
-0
-0
-0
-0
-0
0
-0
-0
-0
0
0
0
-0
-0
0
-0
-0
0
-0
0
-0
0
-0
-0
0
-0
-0
-0
0
-0
0
-0
-0
0
-0
0
-0
0
-0
0
-0
0
0
-0
0
0
-0
0
-0
-0
-0
-0
0
0
0
-0
0
0
-0
0
0
-0
0
0
0
0
-0
0
-0
-0
-0
-0
-0
0
0
-0
0
-0
0
-0
0
-0
0
-0
0
0
0
-0
-0
0
0
-0
0
0
0
-0
0
0
0
0
-0
-0
0
-0
0
0
-0
-0
0
0
0
0
-0
0
0
-0
-0
-0
0
-0
-0
-0
0
0
0
-0
0
0
0
-0
-0
-0
0
-0
0
0
-0
-0
-0
-0
-0
0
0
-0
-0
0
-0
0
-0
-0
-0
-0
-0
-0
-0
-0
0
0
-0
-0
-0
0
0
0
-0
0
-0
0
0
-0
-0
-0
-0
0
-0
-0
-0
-0
-0
0
0
-0
0
0
0
0
-0
-0
0
-0
-0
0
0
-0
0
-0
0
0
-0
0
0
0
-0
-0
0
-0
-0
0
-0
-0
-0
0
-0
-0
0
0
-0
-0
-0
-0
0
0
0
-0
-0
-0
-0
-0
-0
0
0
-0
0
-0
-0
-0
-0
-0
0
0
0
0
0
-0
0
0
0
-0
-0
-0
-0
-0
0
-0
-0
0
0
-0
0
-0
0
-0
-0
0
-0
-0
-0
-0
0
0
0
0
0
0
-0
0
-0
0
0
-0
0
0
0
0
0
0
0
0
0
-0
-0
0
0
0
-0
-0
-0
-0.0228676
0.0470128
-0
-0
-0
0
-0
0
-0
0
0
-0
0
-0
0
-0
-0
0
-0
0
0
0
-0
0
0
0
0
0
0
-0
0
-0
0
-0
-0
0
-0
-0
-0
0
0
-0
-0
0
-0
0
0
0
-0
-0
0
0
0
-0
0
0
0
-0
-0
0
-0
0
0
0
-0
0
-0
0
0
-0
-0
-0
0
0
-0
-0
-0
-0
0
0
-0
0
-0
-0
0
-0
-0
-0
-0
0
0
-0
0
0
0
-0
-0
-0
-0
-0
0
0
0
-0
-0
0
0
0
0
0
-0
-0
0
0
0
0
0
-0
0
-0
-0
0
0
-0
-0
-0
0
-0
-0
-0
0
-0
0
0
0
0
0
0
-0
0
0
-0
-0
0
-0
-0
-0
0
0
-0
-0
-0
-0
-0
-0
0
-0
0
0
0
0
0.0441541
0.056586
0
0
0
0
-0
-0
0
-0
0
-0
-0
-0
0
-0
0
0
-0
0
-0
-0
-0
0
-0
0
0
0
0
-0
0
0
-0
-0
0
0
-0
0
-0
0
-0
-0
0
0
-0
-0
-0
0
0
-0
0
0
-0
-0
0
0
0
0
-0
-0
-0
-0
-0
0
0
0
0
0
0
0
0
-0
-0
0
0
-0
-0
0
-0
-0
-0
0
-0
0
-0
-0
-0
0
0
-0
-0
-0
0
0
-0
-0
0
0
0
0
-0
0
0
0
0
-0
0
0
-0
-0
-0
-0
-0
0
0
0
0
0
-0
0
0
-0
-0
0
-0
-0
0
-0
-0
-0
0
-0
-0
0
0
0
-0
-0
0
-0
-0
-0
-0
-0
-0
0
-0
-0
0
-0
-0
-0
-0
0
0
-0
0
0
-0
-0
0
-0
0
-0
-0
-0
0
-0
0
-0
0
0
-0
-0
-0
0
-0.0275854
-0
-0
0
-0
-0
0
-0
-0
0
-0
-0
0
-0
0
-0
0
0
-0
0
-0
-0
0
0
0
-0
0
-0
-0
0
0
-0
0
-0
0
-0
0
0
0
-0
0
-0
-0
-0
0
0
-0
-0
-0
-0
-0
0
-0
0
0
-0
-0
0
0
-0
0
0
0
0
0
-0
-0
0
0
-0
0
0
0
-0
-0
-0
-0
0
-0
-0
-0
-0
0
-0
0
0
0
-0
0
0
0
0
-0
0
-0
0
0
0
-0
-0
-0
-0
-0
-0
-0
0
0
-0
-0
0.0773476
-0.117833
0.0724506
0
0
0
0
0
-0
0
0
-0
-0
-0
0
0
0
0
-0
0
-0
0
0
-0
0
0
-0
-0
0
0
-0
-0
-0
-0
0
0.0543953
-0.0488001
-0
0
0
-0
-0
-0
0
0
-0
0
-0
0
-0
0
0
0
0
-0
0
-0
0
-0
-0
-0
0
-0
-0
-0
0
-0
0
0
0
-0
-0
-0
-0
0
0
-0
-0
0
0
-0
-0
-0
-0
-0
0
0
0
0
-0
0
0
-0
-0
-0
0
-0
0
0
0
0
0
0
-0
0
0
-0
-0
-0
-0
-0
-0
0
0
0
-0
0
0
-0
0
-0
-0
0
0
-0
0
-0
-0
0
-0
-0
-0
-0
0
-0
-0
-0
-0
-0
-0
-0
-0
0
0
0
-0
-0
0
0
-0
0
-0
-0
-0
0
-0
0
0
0
0
0
0
0
-0
0
0
0
0
-0
-0
-0
-0
-0
0
-0
0
-0
0
-0
-0
0
-0
-0
0
0
0
0
0
0
-0
-0
-0
0
0
0
0
-0
0
0
-0
0
0
-0
-0
-0
0
-0
-0
0
-0
-0
0
0
0
0
-0
0
-0
0
0
0
0
0
0
-0
-0
0
-0
0
0
0
-0
0
-0
-0
0
0
0
-0
0
0
-0
-0
-0
-0
-0
-0
-0
0
0
0
0
-0
-0
-0
0
0
0
-0
0
-0
0
-0
-0
-0
0
-0
0
-0
0
0
0
0
-0
0
-0
-0
0
-0
-0
0
0
0
-0
-0
-0
0
-0
0
-0
-0
-0
-0
0
0
0
-0
-0
-0
-0
-0
-0
0
0
0
0
-0
0
-0
0
0
-0
0
-0
0
0
0
-0
0
0
0
0
-0
-0
0
0
0
0
0
-0
-0
0
0
-0
0
-0
-0
0
0
-0
0
-0
-0
-0
-0
0
0
-0
0
0
0
0
-0
-0
-0
0
-0
0
0
0
0
0
-0
-0
-0
-0
-0
-0
-0
0
-0
0
-0
0
-0
-0
-0
0
-0
0
0
0
0
-0
-0
0
0
0
0
0
0
-0
0
0
-0
0
-0
-0
-0
-0
-0
0
0
0
-0
0
-0
0
-0
-0
0
-0
0
-0
0
0
0
-0
0
0
0
0
-0
0
-0
0
-0
0
-0
0
0
0
0
-0
0
0
-0
-0
0
-0
-0
-0
-0
0
0
-0
0
0.0355344
0.0763164
0
0
-0
0
0
0
0
-0
-0
-0
-0
0
-0
0
0
0
-0
-0
-0
-0
0
0.0690327
-0.0309322
0.0282547
0
-0
-0
0
0
-0
0
0
-0
-0
0
-0
0
0
0
0
-0
-0
-0
0
0
-0
0
0
-0
-0
-0
0
-0
-0
-0
-0
0
-0
0
0
0
0
-0
-0
0
-0
-0
-0
-0
0
-0
0
-0
-0
0
-0
-0
0
0
-0
-0
0
-0
0
0
0
0
0
0
-0
0
0
-0
0
-0
-0
-0
0
0.0354396
0
-0
0
-0
0
0
-0
-0
0.119916
0.073314
-0.0466018
0.0844762
0.0378744
-0
0
-0
0
0
-0
-0.0704113
-0
0
0
0
0
0.0424731
0
-0
0
0
0
-0
0
-0
-0
0
0.0899032
0
-0
-0
0
-0
-0
0
-0
-0
-0.0345973
0
-0
0
0
-0
0
-0
-0
-0
-0
0
0
-0
-0
-0
0
0
0
-0
-0
0
0
-0
-0
0
0
0
0
0
-0
0
0
0
0
-0
0
-0.0796988
0.117289
0
-0
0
0
0
0
-0
0
-0
0
-0
-0
-0
0
-0
0
-0
0
0
-0
-0
0
0
0
-0
-0
-0
-0
0
0
-0
-0
-0
-0
0
-0
0
0
0
-0
-0
0
-0
-0
0
-0
-0
-0
-0
-0
0
0
-0
0
0
-0
0
-0
0
0
0
0
-0
0
0
-0
0
-0
-0
-0
-0
0
-0
-0
0
0
0
0
0
0
0
0
0
0
-0
-0
-0
-0
-0
0
0
-0
0
-0
-0
0
-0
0
0
0
-0
-0
-0
-0
-0
0
0
-0
0
-0
0
-0
-0
-0
0
0
0
-0
-0
0
-0
0
-0
0
0
-0
0
0
0
0
0
0
0
0
-0
0
-0
-0
0
0
0
-0
-0
0
0
0
-0
0
0
0
0
0
-0
-0
-0
-0
-0
0
0
-0
-0
-0
-0
-0
-0
-0
0
-0
-0
-0
-0
-0
0
0
-0
0
0
-0
0
-0
0
-0
0
-0
0
-0
0
0
-0
0
0
-0
-0
0
-0
0
-0
0
-0
0
0
-0
-0
-0
0
0
-0
-0
0
-0
0
-0
-0
0
0
0
-0
-0
0
0
0
-0
0
-0
-0
-0
-0
-0
0
-0
-0
-0
-0
-0
-0
0
-0
0
-0
-0
-0
0
0
-0
-0
-0
0
-0
-0
0
0
0
0
0
-0
0
-0
0
-0
0
0
0
-0
0
-0
-0
0
-0
0
-0
0
-0
0
0
0
-0
-0
-0
0
0.0722632
0
-0
0
0
-0
0
-0
0
-0
-0
0
0
0
-0
0
0
0
-0
-0
0
-0
0
0
-0
-0
0.0241628
0
0
0
-0
0
-0
-0
0
0
0
0
-0
0
-0
0
0
0
-0
0
-0
-0
-0
-0
0
0.0632728
0
-0
-0
-0
0
0
-0
-0
-0
-0
-0
-0
-0
-0
0
-0
-0
0
-0
0
0
0
0
-0
0
-0
-0
0
-0
-0
0
0
-0
0
0
-0
-0
0
0
0
-0
0
-0
-0
0
0
0
0
-0
0
0
0
-0
0
-0
0
-0
-0
0
0
-0
0
0
0
0
-0
0
0
0
-0
-0
0
-0
0
0
0
0
0
-0
0
0
0
0
0
-0
-0
0
-0
0
-0
0
0
0
-0
-0
-0
0
0
-0
-0
-0
-0
0
-0
-0
-0
-0
0
0
-0
-0
-0
-0
0
0
-0
-0
-0
-0
-0
0
0
-0
-0
0
-0
-0
-0
0
-0
0
-0
0
-0
-0
0
0
0
-0
0
-0
0
-0
0
-0
-0
0
0
0
-0
-0
0
0
0
0
0
-0
0
0
-0
-0
-0
0
0
0
-0
0
-0
0
0
0
-0
-0
-0
-0
0
-0
0
0
0
0
-0
0
-0
0
-0
-0
0
-0
0
-0
-0
-0
0
0
0
0
0
0
0
-0
-0
-0
0
0
-0
-0
0
0
-0
0
0
0
0
0
0
0
0
0
0
0
-0
0
-0
-0
0
0
-0
-0
-0
-0
-0
-0
-0
-0
0
-0
-0
0
0
-0
0
-0
-0
0
0
0
0
0
-0
0
-0
0
-0
-0
-0
-0
0
-0
-0
-0
-0
0
0
0
-0
0
-0
-0
-0
-0
-0
0
0
0
0
-0
0
0
-0
-0
0
0
0
0
-0
0
-0
-0
-0
0
0
-0
-0
0
-0
-0
0
-0
-0
0
0
-0
-0
0
-0
-0
0
0
0
0
-0
-0
0
0
-0
-0
-0
-0
-0
0
-0
-0
0
-0
-0
-0
-0
-0
-0
-0
-0
-0
0
0
-0
0
0
-0
0
-0
-0
-0
-0
0
-0
-0
0
0
-0
0
-0
0
0
0
-0
0
0
-0
-0
-0
-0
0
0
0
0
-0
-0
0
0
0
-0
-0
-0
-0
0
-0
-0
-0
0
-0
0
0
-0
-0
-0
-0
0
-0
-0
0
0
0
-0
-0
-0
-0
-0
-0
-0
0
0
0
0
0
0
-0
-0
0
0
0
0
0
0
0
-0
0
-0
0
0
0
0
0
0
0
0
0
-0
-0
0
0
0
0
0
-0
-0
-0
0
-0
0
-0
0
-0
-0
-0
-0
-0
0
-0
-0
-0
-0
0
0
-0.0674873
-0
-0
-0
0
0
0
-0
-0
-0
-0
-0
-0
-0
0
-0
0
0
0
-0
0.0105835
-0
0
-0
-0
0
0
-0
-0
-0
0
0
0
-0
-0
0
0
0
0
-0
-0
-0
0
0
0
0
-0
0
0
0
0
0
0
0
0
-0
-0
0
0
-0
-0
0
0
0
-0
0
-0
-0
0
0
0
0
0
-0
0
0
0
-0
-0
-0
0
-0
0
0
0
0
-0
0
0
0
-0
0
0
-0
0
0
-0
0
0
-0
0
-0
-0
0
-0
0
0
0
0
0
0
0
-0
0
-0
-0
0
0
0
-0
0
-0
-0
0
-0
0
-0
0
0
-0
0
0
0
0
0
-0
0
0
-0
0
0
-0
-0
0
-0
0
-0
0
0
0
0
-0
0
-0
-0
0
0
-0
-0
0
0
0
-0
-0
-0
-0
-0
-0
0
0
-0
-0
0
0
0
-0
0
0
-0
0
0
-0
-0
-0
-0
0
0
-0
0
0
0
-0
0
0
-0
-0
0
-0
-0
0
-0
-0
0
0
0
0
-0
-0
-0
-0
-0
0
-0
-0
0
0
0
0
0
-0
0
0
-0
0
-0
-0
-0
-0
0
-0
-0
0
-0
-0
-0
0
-0
-0
0
0
0
-0
0
-0
-0
0
0
-0
0
-0
0
0
0
0
0
-0
-0
-0
0
-0
0
0
-0
0
-0
0
0
-0
-0
0
-0
0
-0
0
0
0
-0
0
-0
0
0
0
-0
-0
0
0
-0
0
-0
0
-0
0
0
0
0
0
-0
-0
-0
0
-0
-0
-0
0
0
0
0
-0
0
0
0
0
-0
0
-0
-0
-0
-0
-0
-0
0
-0
0
-0
0
0
0
0
-0
0
-0
-0
-0
-0
-0
0
0
-0
-0
0
0
-0
0
-0
-0
0
-0
-0
0
-0
0
-0
0
0
-0
-0
0
-0
0
0
-0
0
0
-0
0
-0
-0
0
-0
0
0
-0
0
-0
-0
0
-0
-0
0
-0
-0
-0
-0
-0
-0
-0
0
0
0
0
-0
0
0
-0
-0
-0
-0
-0
0
0
0
0
0
0
0.00444536
-0
-0
0
-0
-0
-0
0
-0
-0
0
0
-0.0315001
0
0.0339312
-0.0205956
0
-0
-0
0
0
-0
-0
-0
0
-0
-0
0.0553056
0
0.00264026
0
-0
-0
-0
0
0
0
-0
0
-0
-0
0
-0
0
-0
-0
-0
0
-0
-0
0
-0
0
0
-0
-0
0
-0
-0
0
0
0
0
0
0
-0
0
-0
0
-0
-0
-0
0
-0
0
0
0
0
0
-0
0
-0
0
-0
0
-0
-0
0
-0
-0
0
-0
0
-0
0
0
0
-0
-0
0
-0
0
0
0
-0
0
-0
-0
-0
0
-0
-0
0
-0
-0
0
0
0
-0
0
-0
-0
0
-0
-0
-0
-0
-0
0
0
0
-0
0
-0
-0
-0
0
-0
-0
0
-0
-0
-0
-0
0
0
-0
-0
-0
-0
0
-0
0
0
-0
0
0
-0
0
-0
0
0
-0
-0
-0
-0
-0
0
0
0
-0
0
-0
-0
0
0
-0
0
0
-0
-0
-0
-0
-0
-0
-0
-0
0
-0
0
0
0
-0
0
0
-0
0
0
-0
0
0
0
0
-0
0
-0
0
-0
0
-0
-0
-0
-0
-0
0
0
-0
0
0
0
-0
0
0
0
-0
0
-0
0
0
-0
-0
0
-0
0
0
-0
-0
-0
-0
-0
-0
0
0
-0
-0
0
0
0
0
-0
0
-0
0
0
-0
-0
-0
0
0
0
0
-0.0772208
0.054064
-0
0
0
0
0
0
-0
-0
0
-0
-0
-0
-0
-0
0
0
0
-0
-0
0
-0
-0
-0
-0
-0
0
0
0
0
0
0
-0
0
0
-0
0
0
-0
-0
0
-0
-0
-0
0
-0
0
-0
-0
-0
-0
0
0
-0
-0
0
-0
0
0
-0
-0
-0
-0
-0
-0
0
0
0
0
-0
0
-0
-0
-0
0
-0
0
-0
0
0
-0
-0
-0
-0
-0
-0
0
0
0
0
-0
0
0
0
-0
-0
0
-0
0
0
-0
0
0
-0
-0
-0
-0
0
0
0.0748566
0
-0
-0
0
-0
0
-0
-0
0
-0
-0
0
0
0
-0
0
0
0
0
0
-0
0
0
0
0
0
0
0
0
0
-0
0
-0
0
-0
-0
0
0
0
-0
-0
0
-0
-0
0
0
0
0
0
0
0
0
-0
-0
0
-0
0
-0
-0
-0
-0
-0
-0
0
0
0
0
0
0
0
-0
-0
0
-0
0
0
0
-0
0
0
0
0
0
-0
-0
-0
0
0
-0
-0
-0
-0
0
-0
-0
0
-0
0
-0
-0
-0
0
0
0
0
-0
-0
0
-0
0
-0
-0
0
0
0
0
-0
-0
0
-0
0
0
0
0
0
0
0
0
0
-0
0
0
0
-0
0
0
0
0
0
0
-0
-0
0
0
0
0
0
-0
-0
0
-0
0
-0
0
-0
-0
-0
0
0
0
-0
-0
-0
0
-0
0
-0
0
-0
0
-0
-0
0
0
-0
-0
0
-0
-0
0
0
-0
0
0
-0
-0
0
0
0
0
0
-0
0
-0
0
-0
0
0
-0
0
0
-0
0
0
-0
0
-0
0
0
-0
-0
0
-0.031327
-0
0
-0
-0
0
-0
0
-0
0
-0
-0
-0
-0
-0
-0
-0
-0
0
0
-0
-0
0
-0
0
-0
0
0
-0
-0
0
0
0
0
-0
-0
-0
-0
0
-0
-0
-0
0
-0
0
-0
0
-0
-0
0
-0
-0
-0.0556254
-0
0
0
-0
-0
-0
-0
-0
-0
0
-0.0981738
0.00532045
-0.0468635
0
0
-0
0
-0
0
-0
-0.0574637
-0
-0
-0
-0
0
0
-0
0
-0
-0
-0
-0
0
-0
-0
0
-0
0
-0
0
0
0
0
0
0
0
0
-0
0
0
0
0
-0
-0
-0
0
0
-0
0
-0
-0
-0
-0
-0
-0
-0
0
0
-0
0
0
0
-0
-0
-0
0
-0
-0
0
0
-0
0
-0
0
0
0
0
-0
0
0
0
-0
-0
-0
-0
0
0
-0
0
-0
-0
-0
0
-0
0
0
-0
0
-0
0
-0
0
-0
-0
-0
0
0
-0
0
-0
0
-0
0
-0
-0
-0
0
0
-0
-0
-0
-0
0
-0
-0
0
0
0
-0
-0
-0
-0
-0
0
-0
-0
0
0
0
0
-0
0
-0
0
0
0
0
-0
-0
0
-0
-0
0
0
0
-0
-0
0
-0
-0
-0
-0
-0
-0
-0
0
0
-0
0
0
0
0
0
-0
-0
-0
0
-0
0
-0
-0
-0
-0
0
0
-0
0
-0
-0
-0
-0
-0
-0
0
-0
-0
-0
0
0
0
0
0
-0
-0
-0
-0
-0
-0
0
-0
0
-0
0
0
0
-0
-0
-0
0
-0
0
-0
0.0277401
-0
-0
-0
0
0
0
0.0356232
-0
-0
0
0
0
-0
-0
0
0
0
-0
0
-0
-0
-0
-0
-0
0
-0
0
0
0
0
0
0
0
0
0
-0
-0
-0
-0
0
0
0
-0
-0
0
-0
0
0
0
-0
0
0
0
-0
-0
0
-0
-0
-0
0
-0
-0
0
0
0
-0
-0
0
-0
-0
0
-0
0
0
0
0
0
-0
0
0
0
-0
-0
0
-0
0
-0
-0
-0
0
0
0
0
0
0
-0
0
0
0
-0
0
-0
-0
-0
0
0
0
0
-0
-0
0
-0
-0
-0
-0
-0
-0
-0
0
-0
-0
0
0
-0
0
-0
-0
-0
-0
0
-0
0
-0
0
0
-0
-0
-0
0
0
0
-0
-0
0
-0
0
0
-0
-0
0
-0
0
-0
0
-0
0
0
-0
0
0
-0
-0
-0
0
0
0
0
-0
0
0
-0
-0
-0
0
-0
0
0
0
-0
-0
-0
0
-0
-0
-0
-0
0
0
0
-0
-0
-0
0
0
0
0
-0
-0
0
0
0
0
0
0
0
-0
0
0
0
-0
0
0
0
0
-0
-0
-0
-0
-0
0
0
0
-0
-0
-0
0
-0
0
-0
-0
0
-0
-0
-0
-0
-0
0
0
0
-0
-0
-0
-0
0
-0
0
0
-0
0
0
-0
0
-0
-0
0
-0
0
0
0
0
-0
-0
-0
0
-0
0
-0
-0
-0
-0
-0
-0
-0
-0
-0
-0
-0
0
-0
-0
0
-0
0
-0
0
0
0
-0
0
0
0
-0
-0
-0
0
-0
0
-0
-0
-0
-0
-0
0
-0
-0
0
0
-0
0
-0
-0
-0
0
0
-0
0
-0
-0
0
0
-0
0
0
0
-0
-0
-0
0
-0
-0
-0
-0
0
-0
-0
0
0
0
-0
0
0
-0
-0
0
0
0
-0
0
0
-0
0
-0
-0
-0
0
0
-0
-0
0
-0
0
0
-0
0
-0
-0
0
0
0
0
0
0
-0
0
0
0
0
0
0
0
-0
-0
0
0
-0
-0
0
0
-0
0
-0
-0
0
0
-0
-0
0
-0
0
0
-0
0
-0
0
0
0
-0
-0
0
0
0
-0
-0
0
-0
-0
-0
0
-0
-0
-0
-0
-0
-0
-0
-0
-0
-0
0
-0
-0
-0
-0
-0
0
0
-0
-0
0
0
-0
0
0
0
-0
-0
0
0
-0
-0
0
-0
0
-0
0
0
0
0
-0
-0
0
0
-0
0
-0
0
-0
0
0
0
-0
0
-0
-0
0
0
-0
-0
0
-0
0
-0
0
-0
0
-0
0
-0
-0
-0
0
-0
-0
0
-0
-0
0
-0
0
-0
-0
0
-0
-0
0
0
0
0
0
0
-0
-0
-0
0
0
-0
0
0
0
-0
0
0
-0
-0
-0
0
0
-0
0
0
0
-0
0
0
-0
0
0
-0
0
0
0
0.0666808
-0.0166152
0
-0
-0
-0
0
0
-0
0
0
0
-0
-0
-0
-0
0
-0
-0
0
-0
0
-0
-0
-0
-0
-0
-0
0
-0
0
-0
-0
-0
0
-0
-0
0
0
-0
0
-0
0
0
-0
-0
-0
-0
-0
-0
-0
0
0
0
-0
0
-0
0
0
0
0
0
0
0
-0
0
-0
0
0
0
0
0
-0
-0
0
0
0
0
0
0
0
0
0
0
0
0
-0
-0
0
-0
0
-0
0
0
0
-0
0
-0
0
-0
0
0
-0
0
-0
0
0
-0
0
0
0
-0
0
-0
-0
0
-0
-0
-0
0
0
-0
-0
0
0
-0
-0
0
-0
-0
-0
0
-0
-0
-0
0
-0
-0
-0
0
0
0
0
-0
0
-0
-0
-0
-0
-0
-0
-0
0
-0
-0
0
0
-0
-0
-0
0
0
0
-0
0
0
-0
0
0
-0
-0
0
0
-0
0
0
-0
0
0
0
0
0
0
0
-0
-0
-0
-0
0
-0
-0
-0
-0
-0
-0
0
0
-0
0
0
-0
0
-0
-0
-0
0
-0
0
0
0
-0
-0
0
-0
0
0
0
-0.019551
-0
0
-0
-0
0
-0
0.0731324
-0.00935436
0
0
-0
-0
0
-0
0
0
-0
-0
0
-0
0
-0
-0
0
-0
0
-0
-0
-0
-0
-0
-0
0
0
-0
-0
0
-0
0
0
0
-0
-0
0
-0
0
0
-0
-0
0
0
0
-0
0
0
-0
-0
0
-0
-0
-0
0
0
-0
-0
-0
-0
0
-0
0
-0
0
0
-0
-0
-0
0
-0
0
-0
-0
0
-0
0
-0
-0
-0
-0
-0
-0
0
0
-0
-0
-0
-0
-0
0
0
-0
0
0
0
-0
0
0
0
0
-0
-0
-0
0
-0
-0
-0
-0
-0
0
-0
0
-0
-0
0
0
0
-0
0
-0
-0
-0
0
0
-0
-0
-0
-0
0
0
-0
0
0
0
-0
-0
0
-0
-0
-0
0
-0
0
-0
0
-0
-0
-0
-0
-0
-0
-0
-0
-0
0
0
-0
0
-0
0
-0
0
-0
-0
0
-0
0
-0
0
-0
0
0
-0
0.0305138
0
0
0
-0
0
0
0
-0
0
-0
0
0
0
0
0
0
0
-0
0
0
0
0
-0.110379
-0
-0
0
0
0
-0
0
-0
-0
0
-0
0
-0
0
-0
-0
-0
0
-0
0
0
-0
-0
0
-0
0
0
0
0
0
-0
0
0
0
-0
0
0
-0
-0
-0
-0
-0
0
0
-0
-0
-0
-0
0
-0
0
-0
-0
-0
0
-0
0
0
0
0
0
-0
-0
-0
0
-0
-0
0
0
-0
0
0
-0
0
0
0
-0
0
-0
0
0
-0
0
0
0
-0
-0
0
0
-0
-0
0
0
-0
-0
0
-0
0
0
-0
-0
0
-0
-0
-0
0
0
-0
-0
0
-0
0
-0
0
0
-0
-0
0
0
-0
-0
-0
0
0
0
-0
-0
-0
-0
0
0
-0
0
0
0
0
0
0
-0
-0
0
0
-0
-0
-0
-0
0
-0
0
0
0
0
0
-0
-0
-0
0
-0
-0
0
-0
-0
0
0
0
0
0
-0
0
0
0
-0
-0
0
-0
-0
-0
0
0
0
-0
0
-0
-0
-0
-0
-0
0
-0
-0
-0
0
0
-0
-0
0
-0
0
0
0
-0
-0
0
-0
-0
0
0
-0
-0
0
-0
0
-0
0
-0
0
0
0
-0.0688491
-0
0
0
-0
-0
-0
0
0
-0
-0
0
0
-0
-0
-0
-0
-0
-0
-0
-0
0
-0
0
-0
0
-0
0
-0
-0
0
0
0
-0
-0
0
0
0
0
-0
0
0
-0
0
-0
-0
0
-0
-0
0
0
0
0
-0
-0
0
0
0
0
0
-0
0
-0
0
0
0
-0
-0
-0
0
0
0
0
-0
0
0
-0
-0
-0
-0
-0
0
-0
-0
0
0
0
0
0
-0
0
-0
-0
0
-0
-0
0
-0
0
0
-0
-0
-0
-0
0
-0
-0
0
-0
-0
0
-0
-0
0
-0
-0
-0
-0
0
0
-0
-0
-0
0
0.085259
-0
0
-0
-0
-0
-0
-0
-0
-0
-0
-0
-0
-0
-0
0
0
-0
0
-0
0
0
-0
0
-0
-0
-0
-0
-0
-0
-0
-0
0
-0
-0
0
0
0
0
-0
-0
-0
0
0
-0
0
0
-0
-0
-0
0
0
-0
0
0
0
-0
-0
0
-0
0
-0
0
0
-0
-0
0
-0
-0
-0
0
0
0
0
-0
0
-0
-0
-0
0
-0
0
-0
-0
0
-0
0
0
-0
-0
-0
0
0
-0
0
-0
0
0
0
0
-0
0
-0
-0
0
-0
0
-0
-0
-0
-0
0
0
0
0
0
0
0
-0
-0
0
-0
-0
0
0
0
-0
-0
-0
0
0
0
0
0
-0
-0
-0
-0
-0
-0
0
0
0
-0
-0
0
0
-0
-0
0
-0
-0
0
0
0
-0
-0
0
0
0
0
0
0
-0
-0
-0
0
0
-0
-0
0
0
-0
0
-0
-0
0
-0
0
-0
0
0
-0
0
0
0
-0
-0
-0
-0
0
-0
0
-0
0
0
-0
0
0
0
0
-0
-0
-0
-0
-0
0
-0
-0
-0
0
-0
0
0
0
-0
0
0
-0
0
0
0
-0
0.00078649
-0.0716641
-0
0
-0
-0.0248001
0
0
-0
0
-0
0
0
-0
-0
0
0
0
-0
-0
-0
0
0
0
-0
0
-0
-0
0
0
0
0
-0
0
-0
0
-0
-0
0
0
0
0
-0
0
-0
-0
0
0
0
-0
-0
-0
0
-0
0
0
-0
0
0
0
0
0
0
-0
-0
-0
-0
-0
-0
0
0
0
-0
0
-0
0
0.0656389
0
0
0
0
-0
-0
-0
-0
-0
0
0
0
-0
0
-0
-0
0
0
0
0
0
0
0
0
0
0
-0
0
0
-0
0
0
0
-0
-0
0
0
-0
0
-0
0
0
-0
-0
-0
0
0
0
-0
-0
0
0
-0
-0
0
0
0
-0
0
-0
0
-0
0
0
-0
-0
0
-0
0
-0
0
-0
0
0
-0
0
-0
0
0
-0
0
0
0
0
-0
0
-0
-0
0
-0
0
-0
0
0
-0
0
0
0
0
0
0
0
0
0
0
-0
-0
-0
0
0
0
0
0
-0
-0
0
-0
-0
0
-0
-0
0
0
-0
-0
-0
-0
0
-0
-0
0
0
-0
-0
-0
-0
0
0
-0
-0
0
0
-0
0
0
0
0
0
-0
0
-0
0
-0
-0
0
0
0
0
-0
0
0
-0
-0
0
0
0
-0
-0
0
0
-0
-0
0
-0
0
-0
0
-0
-0
-0
0
-0
-0
-0
-0
0
0
-0
0
-0
0
-0
-0
0
0
-0
-0
0
0
-0
0
0
0
-0
-0
-0
0
-0
0
-0
-0
0
-0
-0
0
-0
-0
-0
0
-0
-0
0
0
-0
-0
0
-0
0
0
0
0
-0
0
0
-0
0
-0
0
0
0
-0
0
0
-0
-0
-0
0
-0
0
-0
-0
0
-0
-0
-0
-0
-0
0
-0
0
0
0
-0
0
-0
0
-0
-0
0
-0
0
-0
0
-0
-0
0
-0
0
-0
0
-0
-0
-0
-0
0
0
-0
0
-0
0
-0
-0
0
0
0
0
0
0
-0
0
0
-0
0
-0
0
0
-0
0
0
0
-0
0
0
0
0
0
-0
-0
0
0
-0
0
0
0
0
0.0687607
-0
-0
0
0
-0
-0
0
-0
0
0
