FiniteElementSpace
FiniteElementCollection: ND_3D_P1
VDim: 1
Ordering: 0

0
0
0
-0
-0
0
0
0
0
-0
2.78931e-06
0
-0
0
0
-3.91292e-06
0
-0
0
-4.84429e-06
0
-0
-0
3.29315e-06
5.03838e-07
-0
0
-0
0
0
0
0
-0
0
0
0
0
-0
0
-0
0
-0
0
-0
4.05295e-06
-0
-0
-4.29008e-06
-2.84531e-06
-0
-0
2.66351e-06
0
-0
0
-2.14187e-06
-5.13086e-06
-2.46735e-06
-6.75744e-06
-3.49367e-06
1.02632e-06
2.78984e-06
2.02468e-06
-5.2239e-06
4.81452e-06
-2.43406e-06
7.24858e-06
-0
-0
-0
-0
0
-2.83878e-06
-1.81284e-07
2.05849e-06
-2.6575e-06
4.89728e-06
2.23978e-06
5.09468e-06
1.55879e-06
-2.1539e-06
3.5359e-06
-3.71268e-06
-1.27863e-06
6.24025e-06
3.65203e-06
-2.58822e-06
3.8062e-06
1.21798e-06
-0
-0
0
0
0
0
1.97574e-06
1.19561e-06
-7.8013e-07
-3.61891e-06
-0
0
-0
0
0
0
0
-3.16819e-06
-3.7936e-06
-3.47072e-06
-6.25409e-07
-5.69667e-06
-5.79139e-06
-5.59435e-06
0
-0
-0
0
0
0
0
0
0
-0
-0
5.04925e-06
5.09819e-06
3.54956e-06
-4.89423e-08
1.49969e-06
1.54864e-06
1.00553e-06
0
-5.45372e-06
0
-4.44819e-06
0
-0
0
-0
-0
0
-0
-0
-0
-0
0
0
0
-0
0
0
0
1.80472e-06
-2.84515e-06
-1.36343e-06
4.64987e-06
4.41288e-07
-4.20858e-06
1.60216e-07
1.96494e-06
-2.68493e-06
-6.6956e-06
-5.68607e-07
-2.40119e-06
-6.12699e-06
-4.2944e-06
-1.83259e-06
1.95407e-07
-3.57248e-06
-1.63718e-06
3.76789e-06
1.93531e-06
-1.19589e-06
-5.84576e-06
0
-0
0
-0
0
0
0
-0
0
-0
0
-0
0
-0
0
0
-0
0
-0
-0
-0
-0
0
-0
0
0
0
0
0
-0
-0
-0
-0
-0
-0
0
0
0
-0
0
0
0
0
-0
-0
-0
-0
-0
0
0
0
0
-0
0
-0
-0
-0
-0
0
0
0
-0
-0
0
0
0
0
-0
-0
-0
0
-0
0
0
0
-0
-0
-0
0
-0
-0
1.91806e-07
0
0
-4.65906e-06
0
0
7.01586e-07
-2.00374e-06
0
4.58244e-06
0
-0
-3.89371e-06
1.78596e-06
-4.61386e-06
-2.10775e-06
7.2015e-07
-2.8279e-06
3.21944e-06
3.93959e-06
6.04734e-06
5.00668e-07
2.50441e-06
-3.78431e-06
-4.28498e-06
-6.28872e-06
2.48955e-06
8.80537e-07
-1.40416e-06
4.77425e-06
3.37009e-06
0
-3.4079e-06
2.6665e-06
-1.65153e-06
-1.39006e-06
-5.19169e-06
-2.61469e-07
3.54016e-06
3.80163e-06
-0
-0
0
-0
-0
-0
-0
-0
-0
-0
0
-0
0
-0
0
0
-0
-0
-0
0
-0
0
0
0
-7.35205e-06
-4.50629e-06
-3.15183e-06
1.35446e-06
-0
0
-0
0
0
0
0
0
0
0
0
-0
-0
-0
0
0
0
-0
-0
0
-0
0
-0
0
0
0
0
-0
-0
-0
0
0
0
-0
-0
-0
-0
0
0
-0
-0
-0
-0
-0
-0
-0
-0
-0
0
-0
0
-0
-0
0
-0
0
-0
-0
0
-0
-0
-0
-0
0
-0
-0
-0
-0
0
0
-0
-0
-0
0
-1.12361e-06
-0
-0
-0
0
0
6.26533e-07
4.18176e-06
-3.17966e-06
-3.55522e-06
-3.75561e-07
-1.65173e-06
-4.89673e-06
-6.54846e-06
-5.52214e-06
-8.49233e-06
5.02161e-06
-5.64702e-06
-4.50433e-06
-1.84082e-06
3.53592e-06
-4.95641e-06
-1.48569e-06
0
-0
-0
-0
0
-0
0
-0
0
-0
0
-0
0
-0
-0
-0
0
0
-0
0
0
0
-0
0
0
-6.20642e-07
-4.23092e-06
5.7581e-07
3.61028e-06
-1.19645e-06
4.80673e-06
8.29932e-06
4.73307e-06
4.70629e-06
3.56624e-06
-3.59303e-06
-2.67843e-08
5.65307e-06
2.14324e-06
6.84953e-06
3.50984e-06
3.42989e-06
-3.41964e-06
2.82599e-06
6.03895e-07
-6.24563e-06
-0
-0
0
-0
-0
0
-0
0
-0
0
0
-0
0
-0
0
0
0
0
-0
0
0
0
-0
0
0
0
-0
0
0
-0
-0
0
-0
-0
0
-0
0
-0
0
0
-0
-0
-0
0
-0
-0
0
-0
0
-0
0
0
-0
-0
0
-0
0
-0
0
-0
0
-0
0
0
0
0
0
0
0
0
0
0
-0
0
-0
0
-0
0
0
0
0
-0
-0
0
-0
0
0
-0
-0
-0
0
0
0
0
-0
-0
-0
0
-0
0
-0
0
-0
0
0
-0
-0
0
0
-0
0
0
0
-0
-0
0
-0
-0
-0
0
0
-0
0
-0
-0
-0
-0
-0
-0
0
-0
0
0
0
0
-0
0
-0
0
0
0
-0
-0
-0
-0
0
-0
0
0
0
-0
0
-0
-0
-0
0
-0
0
0
-0
-0
0
-0
-0
0
0
-0
0
-0
-0
0
-0
-0
-0
-0
0
-0
0
0
-0
-0
-0
0
-0
-0
0
-0
0
0
0
-0
-0
0
-0
0
0
-0
-0
0
-0
-0
0
0
0
-0
-0
-0
0
0
-0
-0
-0
-0
0
-0
0
0
0
0
0
0
-0
-0
0
0
-0
-0
-0
-0
0
-0
-0
-0
0
0
-0
0
-0
0
0
-0
0
-0
-0
0
-0
0
-0
0
0
-0
0
-0
0
0
-0
0
0
-0
-0
-0
0
-0
-0
0
0
-0
0
0
-0
0
-0
-0
-0
0
-0
0
-0
0
0
0
0
0
0
0
0
0
-0
-0
-0
0
1.13778e-06
-2.40238e-06
-6.18691e-06
2.94372e-06
-5.96439e-07
-3.24319e-06
-6.78335e-06
4.02265e-06
-1.05464e-06
5.07729e-06
3.42621e-06
-1.65108e-06
-4.99405e-06
0
-0
-0
-2.15537e-06
0
-0
0
0
0
-3.15496e-07
-3.74171e-06
0
-0
0
0
0
-0
0
-0
0
0
0
-0
-0
0
-0
0
0
-0
-0
0
0
0
0
0
0
-0
-0
0
0
0
-0
-0
-0
-0
-0
0
-0
-0
-0
-0
-0
-0
-0
0
0
0
-0
0
-0
-0
-0
0
0
-0
0
0
-0
-0
-0
0
0
0
0
-0
-0
-0
0
-0
-0
-0
0
-0
-0
-0
-0
-0
0
0
0
-0
-0
0
-0
-0
-0
0
-0
-0
-0
-0
0
0
0
0
0
0
0
0
-0
-0
-5.87787e-06
-1.72535e-06
-2.97767e-06
0
0
-1.25232e-06
0
-0
0
0
0
0
5.03942e-07
-1.53054e-06
3.48161e-06
2.03448e-06
5.01215e-06
-0
0
0
0
0
-0
-0
0
0
1.87159e-06
-1.3186e-06
-3.19019e-06
0
0
0
0
0
-0
-0
0
-6.33075e-06
-2.57092e-06
3.75983e-06
-3.14056e-06
1.50265e-06
-1.63791e-06
3.37424e-06
0
-0
-0
0
-0
0
-5.35817e-06
2.02926e-06
-3.09311e-06
-7.38743e-06
-2.26506e-06
-5.12237e-06
3.8392e-06
-1.51897e-06
5.86846e-06
-1.68785e-06
-5.52705e-06
2.8201e-06
-4.50795e-06
-8.34715e-06
-0
-0
0
-0
-0
0
-8.06319e-06
-2.70502e-06
-4.22399e-06
-0
-0
-0
0
-0
-0
-0
0
0
-0
0
0
-0
-0
-0
-0
0
0
-0
0
-0
0
-0
0
0
-0
0
-0
-0
0
-0
-0
2.1887e-06
0
0
0
0
-0
0
-0
-0
0
0
0
0
-0
-0
-0
-0
-0
-0
-0
0
-0
0
5.31361e-06
-0
2.15414e-07
0
0
-0
-0
0
-0
-8.68609e-06
-1.84399e-06
6.8421e-06
3.28688e-06
-2.49614e-06
-0
-0
0
0
-0
-2.99101e-06
-0
-5.52317e-06
-3.15294e-06
-2.23039e-06
-5.22139e-06
-5.38332e-06
-3.71323e-06
7.91099e-07
-5.10267e-06
-5.89377e-06
3.46469e-06
-3.3774e-06
6.64118e-06
2.00916e-07
-3.35431e-06
0
-0
0
-0
0
-0
0
0
-0
-0
-0
0
-0
-0
-0
-0
-0
-0
-0
-0
-0
7.88515e-07
-0
0
0
-0
0
0
0
-0
0
0
-0
0
-0
-0
0
-0
0
-0
0
-0
0
0
0
-0
-0
-0
-0
-0
-0
-0
0
-0
0
-0
0
-0
0
-4.68613e-06
7.17551e-06
4.63388e-06
1.73913e-06
-2.54162e-06
-5.43638e-06
2.89475e-06
-0
-0
0
0
0
-0
-5.62163e-07
-0
0
-0
-0
-0
0
-0
-0
-0
-3.64953e-06
2.04714e-06
0
0
0
0
0
0
-0
0
0
-0
-0
-0
0
0
-0
-0
-0
0
-0
0
-0
0
-0
0
-0
-0
0
0
0
0
0
0
-0
-0
0
0
0
0
0
0
0
0
0
-0
0
-0
0
-0
0
0
0
0
0
0
0
0
-0
0
-0
-0
-0
0
-0
0
-0
-9.89301e-08
6.94489e-07
-4.90349e-06
-7.93419e-07
-4.80456e-06
-5.59798e-06
-2.93097e-06
-3.76463e-06
1.03045e-08
-6.68529e-06
-5.58302e-07
1.11882e-06
-4.01286e-06
-1.58512e-06
-5.13168e-06
-4.66294e-07
-0
0
-0
0
0
0
6.04926e-07
-3.62599e-06
-3.1597e-06
0
0
-0
-0
0
7.02523e-06
-0
-6.18925e-06
4.45432e-06
-1.73493e-06
1.90521e-06
6.36941e-06
3.64014e-06
0
-0
-0
6.06108e-08
-6.72181e-06
-0
-5.59819e-06
0
0
0
-0
0
-4.31943e-06
6.498e-07
-1.27877e-06
-4.96923e-06
-6.28966e-07
-3.93666e-06
5.80326e-07
4.51699e-06
-4.56563e-06
-4.86403e-08
0
1.03256e-06
0
-4.89293e-06
-5.47326e-06
7.05646e-06
6.58316e-06
-3.76688e-06
-0
-0
0
4.30969e-06
-0
0
-0
0
-0
0
0
0
0
0
-0
1.08148e-07
0
-1.6813e-06
-0
1.78945e-06
0
-0
-0
0
-0
0
0
-0
0
0
-0
0
0
0
0
0
-0
0
0
0
-0
-0
0
0
0
0
0
-0
0
-0
-0
0
0
0
0
-0
-0
-0
0
0
4.81911e-06
-0
-6.18867e-08
0
-0
-6.25924e-06
-3.90857e-06
3.40999e-07
9.10545e-07
-5.16935e-06
1.89355e-06
-2.01501e-06
4.38311e-06
6.39812e-06
1.39967e-06
2.98344e-06
-1.3536e-06
-0
0
-4.94916e-06
-1.59485e-06
2.99521e-07
-1.89437e-06
-3.05479e-06
5.34877e-06
3.4544e-06
0
0
-2.06799e-07
-0
-3.47056e-06
-0
0
0
-0
0
-0
0
0
0
-0
-0
-0
0
0
0
-0
0
-0
-0
-0
-0
-0
-0
0
0
-0
-0
-0
-0
-0
-0
0
-0
-0
-0
0
-0
-0
-0
0
-0
0
0
0
-0
0
0
0
0
0
0
-0
-0
0
-0
-0
-0
0
0
0
0
-0
0
-0
0
0
-0
0
-0
-0
-0
0
-0
-0
-0
-0
-0
-0
0
0
4.07266e-06
0
-1.4067e-06
-0
0
-0
0
0
0
-0
0
0
0
0
0
0
-0
0
-0
-0
-0
0
-0
-0
0
-0
0
-0
0
0
0
-0
-0
-0
-0
0
0
-0
0
0
0
-1.70115e-06
-3.57609e-06
-0
0
0
-0
0
0
0
-0
-4.52137e-06
2.1472e-06
-6.39631e-06
-2.37418e-06
-4.24911e-06
-0
0
0
0
-0
0
0
0
-0
-0
0
-0
0
-0
0
-0
-0
-0
-0
-0
-0
-0
0
0
-0
-0
0
-7.4629e-06
-1.24393e-06
-4.927e-06
6.21897e-06
2.5359e-06
-3.68307e-06
-1.32074e-08
4.38659e-06
-2.54911e-06
-4.3998e-06
-1.85069e-06
5.7675e-07
3.33276e-06
-3.10632e-06
2.75601e-06
6.43908e-06
0
3.58011e-06
4.73794e-07
-0
-0
-0
-5.98549e-06
-2.87917e-06
-0
1.82068e-06
5.78294e-06
-3.33634e-06
-0
0
0
-2.37054e-06
2.01605e-06
1.39634e-06
0
0
-0
-0
-0
0
-8.63116e-07
4.05475e-06
0
0
-1.62966e-06
2.05991e-06
-0
-0
0
-0
-0
0
0
-2.87377e-06
-6.44625e-06
-1.51258e-06
-3.78586e-06
-2.27328e-06
-0
-1.79101e-06
2.18729e-06
-0
-0
0
0
0
-0
0
-0
0
-0
0
0
0
-0
-0
0
-0
0
-0
0
-0
-0
0
-0
-0
-0
-0
-0
-0
0
-0
-0
0
-0
-0
-0
-0
-0
0
0
0
-0
0
0
0
-0
-0
0
-0
-0
0
-0
-0
-0
0
-0
0
0
-0
0
0
-0
-0
0
0
-0
-0
-0
-0
-0
0
-0
0
-0
-0
0
-0
0
-0
0
0
-0
0
0
-0
-0
0
-0
-0
0
-0
-0
-0
-0
0
0
-0
0
0
0
-0
-0
0
0
-0
-0
0
-0
0
0
0
0
0
0
-0
0
0
0
0
-0
-0
0
-0
-0
-0
-0
-0
-0
-0
-0
-0
7.28284e-06
-2.82022e-06
0
5.33739e-06
-9.93358e-07
-0
-3.86507e-06
3.3978e-06
5.77197e-06
-4.67276e-07
1.9069e-06
2.62339e-06
6.48846e-06
6.02119e-06
0
0
-0
0
-0
0
-0
-0
-0
0
-0
0
0
0
-0
0
-0
-0
-0
0
0
-0
0
0
0
0
0
-0
0
0
-0
-0
0
-0
-0
-0
0
0
0
0
-0
0
0
-0
-0
0
0
-0
-0
0
-0
0
-0
0
0
-0
0
5.13227e-06
-1.75295e-06
3.37932e-06
4.43396e-06
4.93066e-06
-1.04476e-06
-3.63298e-06
2.60727e-06
-4.40789e-07
-3.04806e-06
3.17812e-06
6.22618e-06
1.84574e-06
0
0
-0
-0
0
-0
-0
-0
-0
-0
-0
-0
0
-0
-0
0
0
-0
-0
-0
-5.60836e-06
6.56293e-07
-6.1123e-06
-6.26465e-06
1.52351e-07
-4.55325e-06
-1.0737e-07
-6.04869e-06
5.94132e-06
-0
-0
0
0
0
-0
-0
-0
-6.85372e-06
-2.97392e-06
-3.8798e-06
-3.7019e-06
1.77901e-07
-3.0521e-06
2.31794e-06
-1.56186e-06
2.11602e-06
-5.99582e-06
1.91093e-07
3.17771e-06
3.3688e-06
7.33442e-06
-6.84459e-06
4.89827e-07
7.15652e-06
-6.66669e-06
0
-0
0
-0
-0
-0
-8.57908e-07
-4.32839e-06
0
0
-0
-0
-0
-0
-0
-0
0
0
-0
-0
0
0
0
0
-0
-0
-0
0
-0
-0
0
-0
-0
-0
-0
0
0
0
-0
0
0
-0
-0
0
-0
0
0
0
-0
-0
-0
-0
-0
-0
0
-0
0
-0
0
-0
-0
0
0
0
-0
0
-0
0
-0
0
0
-0
0
0
0
0
0
-0
-0
0
-2.35601e-06
-0
0
-3.76968e-06
-3.95095e-06
1.96582e-06
-0
-1.98513e-06
0
0
0
0
-0
-5.56857e-06
-2.34913e-06
-0
-0
0
0
0
0
-2.30752e-07
-2.64804e-06
2.41729e-06
-0
-0
0
0
0
0
0
0
0
-0
-0
0
-5.13247e-06
0
0
0
0
-0
-0
-0
0
-0
0
-0
-0
0
-0
0
-0
0
-0
0
0
0
-0
-0
-0
-0
0
-0
-0
-0
4.1633e-07
-1.63778e-06
-7.75675e-07
3.04298e-06
-4.68076e-06
-3.90508e-06
0
-0
0
-0
0
0
-0
-0
-0
-0
0
0
-0
-0
-0
0
-0
-0
0
-0
0
0
-0
0
0
0
0
0
-0
0
0
0
-0
0
-0
-0
0
-0
0
0
0
-0
-0
0
0
0
0
-0
0
0
0
0
0
0
0
0
0
-0
0
0
0
0
0
0
0
-0
0
-2.27727e-06
-3.06579e-06
-4.68228e-06
-8.43948e-07
1.23256e-06
-5.52623e-06
-5.91485e-06
3.88616e-07
-3.98657e-06
0
-0
-3.48583e-06
1.24446e-07
-2.68493e-06
3.33712e-06
-2.57773e-06
6.02204e-06
1.07196e-07
0
0
-0
-0
-0
-0
0
0
0
-0
-0
0
0
-0
0
0
0
-0
-0
-0
0
0
-0
0
-0
0
-0
0
-0
0
-0
-0
0
0
-0
0
0
0
-0
-0
3.16115e-06
2.4417e-06
-0
7.1945e-07
4.59659e-06
3.87714e-06
-0
-0
0
-0
0
-0
-0
0
-2.3591e-06
5.53681e-06
-1.63965e-06
-4.81736e-06
4.48734e-06
-1.13131e-06
-9.40213e-07
5.7279e-06
-2.47749e-06
8.37839e-07
-2.33987e-06
0
6.85049e-06
-2.31134e-06
0
4.53915e-06
-0
-0
-0
-0
-0
0
-0
-0
0
-0
0
-0
-0
0
0
-0
0
0
-0
0
0
0
0
0
-0
0
-4.96016e-06
-6.19272e-06
-4.1477e-07
-6.06784e-06
-3.91395e-06
0
0
0
-0
0
-0
-0
-0
0
-0
-0
0
0
0
-0
-0
0
-0
-0
0
-0
-0
-0
0
1.95471e-06
4.84834e-06
0
0
-0
-0
-0
0
-1.57221e-06
7.22437e-07
-2.29464e-06
-3.95403e-06
-6.24867e-06
0
0
-0
0
0
-0
-0
0
-2.68288e-06
-0
0
0
-0
0
0
0
-0
-0
-0
0
0
0
-0
0
-0
-0
-0
-0
-0
-0
-0
-0
-0
0
0
0
-0
0
1.41121e-06
-0
-0
0
-0
-0
-0
-0
0
0
0
0
0
-0
-0
-0
-0
0
0
0
-0
0
0
-0
0
-0
-0
-0
-0
0
-0
-0
-0
0
0
-0
-0
0
0
-0
-0
0
-0
0
0
-0
-0
0
0
0
0
-4.79695e-06
-0
0
-6.36823e-06
4.81486e-06
4.91379e-06
3.35642e-06
-6.56438e-07
4.88696e-06
-5.5434e-06
0
3.75276e-06
-7.39697e-06
-1.98187e-07
7.19878e-06
0
-0
0
-0
-0
-6.46523e-06
2.14864e-06
2.56769e-06
-4.31659e-06
-3.89754e-06
-4.19054e-07
-0
0
-0
-0
0
0
-0
0
0
0
-0
0
-7.06195e-06
6.78578e-07
3.57978e-06
-0
-0
0
-0
-0
0
-0
0
0
0
-0
0
-0
-0
-0
-0
-0
-5.37494e-06
-3.2263e-06
0
-0
-0
-0
-0
0
-0
-0
0
0
0
-0
0
0
-0
0
-0
0
-0
-0
0
0
0
0
0
0
0
0
-0
0
-0
0
-0
0
0
0
-0
-0
0
-0
0
-0
-0
0
-0
-0
-0
-0
-5.3e-06
8.66396e-07
-3.62716e-06
-6.1664e-06
1.67285e-06
-4.49355e-06
0
0
0
-0
0
-2.82555e-06
-5.95253e-06
-0
0
0
-8.78032e-07
-1.05593e-06
-5.38432e-06
6.74549e-06
-6.4758e-06
-0
-0
-3.46181e-07
-3.92596e-06
5.03814e-06
1.45836e-06
0
0
-0
0
-0
-0
0
-0
-0
-0
-0
0
-0
0
-0
-0
0
0
-0
-0
0
-0
0
-0
0
0
0
0
-0
0
0
0
0
-0
-0
0
-3.70209e-06
1.29224e-06
1.18487e-06
4.99433e-06
0
0
0
0
0
0
0
0
-0
-0
-0
0
0
-0
-5.1104e-06
-5.86133e-06
-3.71269e-06
0
-5.83455e-06
-0
-0
0
-0
0
-0
-4.10239e-06
-0
6.3068e-07
-0
-0
-7.14258e-06
3.51542e-06
-6.72353e-06
0
-0
-0
-0
-0
0
0
0
0
0
-0
-0
-0
0
-0
-0
-0
0
0
0
-0
-0
-0
0
0
0
-0
-0
0
-0
0
-0
-0
0
0
0
0
0
-0
0
-0
0
0
-0
0
0
-0
0
0
0
0
-0
-2.59731e-06
-0
3.56909e-06
-0
-0
0
0
-0
-0
-0
0
-0
0
-0
0
0
-0
-0
-0
-0
0
-0
-0
0
-0
-0
-0
-0
-0
-0
-0
-0
-4.20146e-06
-6.32374e-07
-1.75107e-06
-0
0
0
-0
-0
-0
0
0
-0
0
0
-0
-0
0
0
0
0
0
0
-0
0
0
0
0
-0
0
0
-0
0
0
0
0
0
0
0
-0
-0
0
0
0
0
-0
0
0
0
0
-0
-0
0
-0
-0
0
0
0
0
0
0
-0
-8.44283e-06
-0
0
-0
0
0
-0
-0
-0
-0
-0
-0
-0
-0
-0
-0
-0
0
-0
0
-0
-0
-0
-0
0
-0
0
0
0
0
-0
2.90855e-06
0
0
-0
0
0
0
4.37373e-06
5.48774e-07
2.78855e-06
1.18074e-06
1.24876e-07
-5.39646e-07
-2.70278e-07
-0
0
-0
3.37188e-06
5.68982e-06
1.81002e-06
-0
0
-0
0
-0
-0
0
0
-0
0
0
0
0
0
0
0
0
0
0
0
0
0
-0
0
0
0
-0
-0
-0
-0
-0
-0
-0
-0
0
0
0
-0
0
0
-0
0
0
0
-0
0
0
-0
-0
0
0
0
0
-0
0
0
-0
0
-0
-0
-0
0
0
-0
0
-0
-0
0
0
0
-0
0
0
-0
-0
0
0
0
0
0
-0
0
-0
-0
-0
0
0
0
-0
0
0
-0
-0
-0
0
-0
-0
0
0
-0
0
-0
-0
-0
0
0
0
0
-0
-0
0
0
-0
-0
-0
-0
-0
0
0
-0
0
0
3.26378e-06
-0
0
0
0
5.00436e-07
-0
-0
-0
-0
-0
-0
-0
0
0
-0
0
-0
-0
0
-0
0
0
-0
-0
-0
0
-0
0
0
-3.58891e-06
-7.3568e-06
3.32279e-06
-1.45146e-06
-0
0
0
-0
-0
0
-7.20575e-06
-3.98631e-06
0
0
0
0
0
0
0
0
-0
-0
-0
-0
-0
-0
-0
3.57093e-06
-5.37316e-06
3.80168e-06
-1.80224e-06
-5.60392e-06
-5.34975e-06
0
0
-0
0
0
-0
-0
0
0
0
-5.23785e-06
2.11895e-06
-1.46996e-06
0
0
0
-4.65302e-06
-0
2.42902e-06
0
0
0
0
0
0
0
-0
0
0
-0
-2.9485e-06
-0
-0
0
0
-0
0
0
-0
0
0
-0
-0
0
0
-0
-0
0
0
-0
0
-0
-0
-0
-0
0
-0
0
-0
0
-0
0
-0
0
-0
0
-0
0
0
0
0
0
-0
0
0
0
0
-6.58578e-06
0
0
0
-0
0
0
-0
-0
-0
0
4.46057e-06
1.36021e-07
1.26733e-06
3.45462e-06
-0
0
0
0
-0
0
0
-0
0
-0
0
0
0
0
-0
0
0
-0
-0
-0
0
-0
-0
5.72169e-06
-0
-1.63511e-06
-0
3.60274e-06
0
0
0
-0
0
0
0
0
-0
0
0
0
-0
0
0
-0
0
-0
0
0
0
-0
-0
0
-0
-0
-0
0
-0
-0
0
-0
-0
-0
0
0
-0
0
0
-0
-0
0
0
0
-0
0
-0
0
0
0
0
0
0
0
0
-0
0
0
0
0
0
-0
0
-0
-0
-0
-0
-0
-0
0
0
0
0
-0
-0
0
-0
0
0
-0
-0
-0
-0
-0
-0
0
0
-0
-0
-0
-0
0
0
0
-0
0
0
0
-0
0
0
0
-0
0
-0
-0
-0
0
-0
-0
-0
0
0
-0
0
-0
-0
-0
-0
0
-1.99363e-06
-0
-0
0
0
0
0
-0
0
-0
-0
0
-0
0
0
-0
0
-0
-0
-0
-0
-0
0
-0
0
0
-0
-0
-0
-0
0
0
0
0
0
-0
0
0
0
-0
0
-0
0
0
0
-0
0
-0
-4.1834e-06
6.29977e-06
-4.48975e-06
-1.64461e-06
-2.84039e-06
0
-4.35978e-06
0
-0
-0
0
0
0
7.80142e-06
4.39425e-06
0
-0
-5.78866e-06
0
0
0
-0
-0
0
0
0
-0
-0
-0
-0
0
-0
-0
-0
-0
0
0
-0
0
0
-0
-0
-0
0
0
-0
0
0
0
-0
-0
-0
0
0
-0
-0
0
-0
0
-0
0
0
0
0
-0
2.13694e-06
1.574e-06
-0
-7.39576e-06
4.05661e-07
-4.63248e-06
-0
-0
-3.54502e-06
-5.50996e-06
-4.32954e-06
0
0
-0
0
0
0
7.66321e-06
0
0
0
-0
-0
-0
0
-0
-0
0
0
-0
0
0
-0
0
0
0
-0
0
0
-0
-0
0
0
-0
0
-0
-0
-0
-0
-0
0
0
-0
0
0
0
0
0
0
0
-0
0
-0
0
0
-0
-0
0
-0
0
0
-0
-0
0
0
-0
0
0
-0
-0
-0
-0
0
0
0
0
0
-0
-0
-0
-0
-0
-0
0
0
-4.54189e-06
3.21986e-06
-1.15478e-06
-0
-0
0
-0
-0
-0
-0
-0
-0
0
0
-0
0
0
0
-0
0
-0
0
-0
0
0
-0
0
-0
0
-0
0
0
0
0
0
-0
-0
-0
0
-0
-0
2.88063e-06
3.87399e-06
0
0
0
0
-0
0
2.51729e-06
-6.12504e-06
-4.43719e-06
6.24949e-06
-2.25105e-06
2.3755e-06
4.07082e-06
1.2506e-06
-2.77967e-06
4.03027e-06
0
0
-0
-0
-0
-0
-0
-0
-0
0
0
0
6.4029e-06
0
-0
-0
-0
-0
-0
0
0
0
0
-0
-0
0
0
0
0
0
0
-0
-0
-0
0
0
0
0
-0
-0
0
0
-0
0
0
-0
-0
-0
-0
0
0
-0
-0
-0
-0
-0
0
-0
0
0
-0
-0
-0
0
0
0
0
0
-0
-0
0
0
-0
0
-0
0
-0
0
0
-0
0
-0
-0
0
0
-0
-0
0
0
0
0
-0
-0
0
-0
0
-0
0
0
0
0
-0
-0
0
0
-0
-0
-0
-0
-0
-0
0
0
-0
-0
-0
5.04564e-06
1.78426e-06
-2.73003e-06
-0
0
-0
-0
-7.47214e-06
-4.42408e-06
-4.09282e-06
7.893e-06
4.01585e-06
3.07564e-06
0
0
0
0
-0
0
-0
0
-0
0
0
-0
0
-0
0
-0
-0
0
-0
-0
-0
0
-0
-0
-0
0
-0
-0
0
-0
-0
-0
-0
-0
-0
-0
-0
-0
-0
-0
-0
0
-0
-0
0
0
0
0
-0
-0
-0
-0
0
0
-0
-0
0
-0
0
0
0
-0
-0
-0
-0
-0
-0
0
0
-0
-0
-0
0
0
0
-0
0
-0
0
-7.71361e-06
-3.03433e-06
-0
4.53136e-06
4.67928e-06
0
0
-0
-0
-0
-0
-0
0
-0
0
0
-0
0
-0
0
-0
-0
0
-0
0
-0
-0
0
-0
0
0
-0
-0
-0
-0
-0
-0
-0
-0
-0
-0
0
-4.11526e-06
-4.80326e-06
-5.37263e-06
-0
-0
-0
-0
-0
-0
-0
0
0
0
0
0
-0
0
-0
0
0
-0
-0
0
0
-0
-0
-0
-0
0
-0
0
-0
-0
0
-0
-0
-0
1.71893e-06
5.23302e-06
6.93869e-07
-0
0
-0
0
-0
-3.22089e-06
0
-0
0
0
0
-0
-0
-0
0
-0
0
-0
0
-0
-0
0
0
-0
-0
-0
0
0
-0
0
-0
-0
0
0
-0
-0
0
0
0
-0
-0
1.89544e-06
0
-2.89893e-06
-7.80858e-07
-4.39114e-06
-1.02416e-07
1.01641e-06
-3.1494e-06
-3.90063e-06
-0
0
-0
0
0
-0
-4.97008e-06
0
-3.43763e-06
0
0
-0
-0
0
-0
-5.97991e-07
-6.16569e-06
-4.34501e-06
-0
-0
-0
0
0
-0
0
0
0
0
-0
0
0
0
0
0
0
0
0
-0
0
-0
0
0
0
0
0
0
0
0
0
0
-0
0
-0
-0
0
0
0
-0
0
-0
-0
0
0
-0
-3.43858e-06
-1.9978e-06
0
-0
0
-0
0
0
0
-0
-0
-0
0
0
-0
-0
-0
0
-0
-0
-0
-0
0
0
0
0
0
0
-0
0
0
-0
0
0
0
-0
-0
0
-0
0
0
-0
-0
0
-0
0
0
0
0
0
0
0
0
-0
0
0
-0
0
-0
0
0
-0
-0
-0
-0
-0
-0
0
0
0
0
0
-0
-0
0
-0
-0
-0
-0
-0
-0
-0
-0
-0
-0
1.13701e-06
0
0
-0
0
0
0
0
-0
-0
0
0
-0
0
0
-0
-0
-0
-0
-0
-0
-0
-0
-0
-0
0
0
-0
-0
-0
0
-0
0
-0
-0
-0
0
-0
-0
0
0
0
-0
0
-0
0
0
-0
0
0
-0
0
-6.24539e-06
7.22225e-07
-0
-0
0
-0
-0
-0
0
0
0
0
-0
0
0
-0
0
0
-0
0
-0
0
-0
0
0
-0
0
-0
0
-0
0
0
0
0
-0
-0
0
-0
0
0
-0
0
-0
0
0
-0
-0
0
0
0
0
-0
-0
0
-0
0
0
0
0
0
0
-0
-0
0
-0
-4.65294e-06
-4.76031e-06
0
4.70606e-06
3.13589e-06
-1.80903e-07
-0
-0
-8.93607e-06
2.98354e-06
-5.39105e-06
-2.40751e-06
-0
0
0
0
0
0
-0
0
-0
0
0
-0
0
-0
0
-0
0
0
-0
0
-0
0
0
-0
-0
0
-0
0
0
-0
-0
0
0
0
-0
0
-0
0
0
-0
0
0
0
-0
0
-0
-0
0
-0
0
0
-2.56993e-06
-3.70771e-06
-5.86308e-06
-2.05663e-06
1.33558e-06
-3.39221e-06
-1.67552e-07
-4.04803e-06
0
0
-0
0
-0
-0
0
-0
0
0
0
-0
-0
-0
0
0
0
-0
-0
0
0
-0
0
-0
-0
0
0
-0
0
-0
0
-0
-0
0
0
0
0
-0
0
-0
2.8993e-06
0
-0
-0
0
-0
-0
0
-0
0
-0
0
-0
0
-0
-0
-0
0
0
-0
0
0
0
-0
-0
0
0
-0
0
0
0
0
-0
-0
0
0
0
-0
-0
-0
-0
0
3.04836e-06
0
-0
-0
0
-0
-0
-0
-0
0
0
0
0
-0
0
-0
0
0
-0
0
0
0
0
-0
0
-0
-0
0
0
-0
-0
0
-0
-0
0
-0
-0
0
0
-0
0
0
0
0
0
0
0
-0
0
-0
-0
-0
-0
0
0
-0
0
-0
0
-0
-0
-0
-0
0
-0
-0
0
0
0
0
-0
-0
0
0
-0
-0
-0
-0
0
0
-0
0
0
-0
0
-0
-0
0
-0
-0
0
0
0
-0
0
-0
0
0
-0
-0
-0
-0
0
-0
-0
0
-0
-0
-7.17062e-07
-2.91592e-06
-1.50816e-06
-0
-0
0
-0
0
0
-0
-0
-0
0
0
-0
0
0
-0
-0
0
-0
0
-0
0
0
0
-0
0
-0
-0
0
-0
0
0
0
-0
0
0
-0
-0
0
0
-0
-0
-0
0
0
0
0
-0
0
-0
0
0
-0
-0
-0
0
0
0
0
-0
0
-0
0
-0
0
-0
-0
-0
0
0
0
0
-0
-0
-0
0
-0
0
0
-0
0
0
-0
-0
-0
-0
0
-0
0
-0
0
0
0
0
0
0
0
0
0
0
0
0
-0
0
-0
0
-0
-0
-0
0
-0
0
-0
-0
-0
0
0
0
-0
0
0
-0
0
-0
0
0
-0
0
0
-0
-0
-0
0
0
0
0
-3.59655e-06
0
0
-0
0
0
-0
0
-0
0
-0
0
-0
-0
-0
0
-0
-0
-0
-0
0
0
-0
-0
0
0
-0
0
0
0
-0
-0
0
1.54661e-06
0
-0
-0
-0
0
0
0
0
0
-0
0
-0
0
0
0
0
-0
0
-0
-0
-0
0
-0
0
0
0
0
-0
-0
-0
0
-0
0
-0
0
-0
-0
0
-0
-0
-0
-0
2.21922e-06
4.99889e-06
-0
-0
0
-0
0
0
-0
-0
-0
0
-0
0
-0
0
-0
-0
-0
0
-0
-0
-0
0
-0
0
-0
0
-0
0
0
0
-0
-0
0
0
0
0
0
-0
-0
0
0
0
-0
-0
0
0
-0
-0
-0
0
-0
-0
0
-0
-0
-0
0
-0
-0
-0
-0
0
0
0
0
0
-0
-0
0
-0
0
-0
0
0
-0
-0
0
0
-0
-0
-3.79143e-06
0
-6.10276e-06
-0
-0
0
-0
-0
0
-0
-0
-0
-0
0
0
0
0
-0
0
0
-0
0
0
-0
-0
0
0
0
0
0
0
-0
-0
-0
0
0
0
-0
0
-0
0
0
-0
-0
0
0
-0
-0
-0
0
-0
0
0
0
0
-0
0
0
0
-0
-0
-0
0
0
0
-0
-0
0
-0
-0
0
-0
0
0
-0
0
-0
-0
0
-0
-0
-0
-0
0
0
-0
-0
-0
0
0
-0
-0
0
-0
0
0
-0
0
-0
-0
0
-0
-0
0
0
0
0
0
0
-0
0
-0
-0
-0
0
-0
0
0
0
0
0
-0
0
0
0
0
0
0
-0
-0
0
0
0
0
0
0
-0
-0
-0
-0
0
-0
-0
0
0
0
-0
-0
0
0
-0
-0
0
0
-0
-6.19973e-06
0
0
-0
-0
-0
-0
-0
-0
-0
-0
-0
-0
0
0
0
-0
-0
0
-0
-0
-0
-0
-0
-0
0
0
-0
-0
0
-0
-0
-2.11073e-06
-4.40537e-06
-3.6297e-06
0
0
-0
0
0
-0
0
0
0
-0
0
-0
0
0
-0
0
-0
0
0
-0
-0
0
-0
0
0
0
-0
-0
0
-0
-0
-0
-0
1.69739e-06
-3.80812e-06
-0
-0
0
0
0
-0
-0
-0
0
0
-0
0
-0
0
0
-0
0
0
-0
0
-0
0
0
0
0
0
0
-0
-0
0
0
0
0
-0
0
0
0
-0
-0
-0
-0
-0
-0
-0
0
0
0
-0
-0
-0
-0
0
-0
-0
-0
0
-0
-0
0
0
0
-0
-0
0
0
-0
-0
0
-0
0
-0
-0
-0
0
-0
-0
0
0
0
0
-0
0
-0
-0
-0
0
-0
-0
0
0
0
-0
-0
-0
0
-0
0
-0
-0
-0
-0
-4.94173e-06
2.30529e-06
0
-7.24702e-06
-2.12703e-06
5.11998e-06
0
-0
1.60246e-06
-0
-0
0
-0
-0
-0
0
-0
0
0
-0
-0
-0
0
-0
0
0
0
0
0
0
-0
0
0
0
-0
-0
-0
0
-0
0
-0
0
0
-0
-0
-0
-0
0
-0
-0
0
0
0
-0
-0
0
-0
0
-0
-0
0
-0
0
0
0
-0
-0
-0
0
0
0
0
0
-0
0
0
-0
-0
-0
0
-0
0
-0
-0
-0
-0
-0
0
0
-0
0
0
-0
-0
0
0
-0
0
-0
0
-0
0
-0
0
0
0
0
-0
0
0
0
0
-0
0
-0
-0
0
0
0
0
-0
-0
0
0
-0
0
-0
-0
-0
-0
-0
-0
0
-0
-4.53056e-06
0
-0
-0
0
0
-0
-0
0
0
-0
0
0
-0
0
-0
-0
-0
0
-0
-0
-0
-0
0
0
0
-0
0
0
-0
-0
-0
-0
0
0
-0
0
0
-0
-0
0
0
0
-0
0
0
6.93041e-06
0
0
-0
0
0
-0
0
-0
0
-0
0
-0
0
0
0
0
-0
-0
0
0
0
0
-0
-0
-0
0
-0
-0
5.02927e-06
6.06867e-06
-2.2683e-06
6.66718e-06
4.51854e-06
0
-0
0
0
-0
-0
0
0
-0
-0
-0
-0
0
0
-0
-0
0
-0
0
-0
-0
0
0
-0
0
0
0
-0
-0
-0
-0
0
0
-0
-0
-0
0
-0
-0
0
-0
-0
-0
-0
0
0
0
0
4.53903e-06
2.06034e-06
-2.47869e-06
-0
0
-0
-0
-0
-0
-0
0
-0
-0
-0
0
-0
-0
0
-0
-0
-0
0
0
-0
-0
0
0
-0
-0
-0
0
0
-0
0
0
-0
-0
0
-0
0
-0
0
-0
-0
-0
-0
-0
0
0
-0
0
0
0
-0
-0
0
0
-0
-0
0
-0
-0
0
-0
-0
-0
0
0
0
0
-0
-0
0
0
-0
0
-0
-0
0
-0
0
0
0
-0
0
0
-0
-0
-0
-0
-0
-0
-0
0
-0
-0
-0
-0
-0
0
-0
-0
0
-0
0
-0
-0
0
-0
0
0
-0
-0
0
0
0
-0
-0
0
-0
-0
0
-0
0
-0
-0
0
0
0
0
0
-0
-0
-0
-0
0
0
-0
0
-0
0
-0
0
0
-0
-0
0
0
-0
0
0
0
0
0
0
0
-0
0
0
0
0
0
-0
-0
0
-0
0
-0
0
-0
0
0
-0
0
0
0
-0
0
0
-0
0
-0
-0
-0
-0
-0
0
-0
0
-0
0
0
-0
-0
0
-0
0
0
0
-0
-0
0
0
0
-0
0
0
-0
-0
0
0
0
-0
-0
0
-0
0
-0
-0
-0
-0
0
-0
0
0
-0
-0
0
-0
0
0
-0
0
0
-0
0
0
0
0
-0
0
0
0
-0
-2.01688e-07
0
0
-6.11052e-06
-0
-4.93369e-08
-0
-0
0
-0
0
0
-0
-0
-0
0
0
0
0
-0
-0
-0
0
-0
0
-0
-0
-0
-0
0
-0
0
-0
-0
-0
-0
0
0
-0
0
-0
-0
0
0
0
-0
-0
0
0
0
-0
0
0
-0
0
-0
0
0
0
-0
-0
-2.73409e-06
1.6525e-06
-0
-0
0
0
0
0
1.05025e-06
6.02256e-07
0
-0
-4.0407e-06
0
-0
-2.61547e-06
0
-0
0
0
-0
-4.38155e-06
0
0
0
-0
-0
0
0
0
-0
0
-0
0
-0
0
0
-0
-0
0
-0
0
-0
0
-0
-0
0
-0
0
-0
0
-0
-0
-0
0
0
0
0
0
0
0
0
0
-0
-0
0
0
0
-0
-0
0
0
0
-0
0
0
0
0
0
0
-0
-0
-0
-0
0
-0
-0
-0
0
-0
0
-0
-0
-0
0
0
0
0
-0
0
-0
-0
0
-0
0
0
0
0
-0
-0
0
0
0
-0
-0
0
-0
-0
-0
-0
-0
-0
-0
-0
-0
0
0
-0
0
0
0
-0
-0
0
-0
-0
0
-0
-0
-0
-0
0
-0
0
0
-0
0
0
0
0
-0
0
-0
-0
-0
-0
0
-0
-0
0
0
0
0
-0
0
0
0
0
-0
-0
0
0
0
0
-0
0
-0
0
-0
-0
0
0
0
0
-0
-0
0
0
0
-0
-0
0
-0
0
-0
0
-0
-0
0
-0
0
0
-0
-0
-0
0
0
-0
-0
-0
0
0
-0
-0
-0
0
0
0
-0
-0
-0
0
-0
0
0
-0
0
-0
-0
-0
-0
-0
0
0
0
0
-0
0
0
-0
-0
-0
-0
-0
-0
-0
-0
-0
-0
0
-0
-0
-0
-0
-0
-0
-0
-0
-0
0
0
0
-0
-0
-0
0
0
0
0
0
-0
0
0
0
-0
-0
-0
0
0
-0
0
0
-0
0
0
0
-0
0
0
0
-0
-0
0
-0
0
0
0
0
-0
0
-0
-0
0
0
0
0
0
0
0
-0
-0
-0
0
-0
-0
0
0
0
-0
0
0
-0
0
-0
-0
-0
-0
0
0
-0
-0
-0
-0
0
0
0
0
-0
0
-0
-0
-0
0
-0
-0
-0
0
0
0
-0
-0
-0
-0
-0
-0
0
-0
0
0
0
0
-0
0
-0
0
-0
0
-0
0
0
0
0
-0
0
0
0
-0
-0
0
-0
0
-0
0
0
-0
-0
0
-0
-0
0
0
0
0
-0
-0
-0
0
-0
-0
-0
-0
-0
0
-0
-0
0
0
-0
-0
0
0
0
0
-0
0
0
0
0
0
0
-0
-0
-0
-0
0
0
0
-0
-0
0
0
0
-0
0
0
0
0
-0
0
-0
0
-0
-0
0
-0
0
0
0
0
-0
-0
-0
0
-0
0
-0
-0
-0
0
-0
0
-0
0
-0
-0
0
0
0
-0
0
0
-0
-0
-0
-0
0
-0
0
0
0
-0
-0
0
0
-0
-0
0
-0
0
0
-0
-0
0
0
0
0
-0
-0
-0
0
0
0
0
-0
-0
0
-0
-0
-0
-0
-0
-0
0
0
0
-0
0
0
-0
-0
-0
-0
0
-0
-0
0
0
-0
0
0
0
0
-0
0
-0
-0
0
0
-0
-0
-0
-0
0
-0
-0
-0
0
-0
0
-0
-0
0
-0
-0
0
0
0
0
0
-0
0
-0
0
0
-0
0
0
0
-0
-0
-0
0
-0
0
-0
0
-0
0
0
0
0
0
-0
0
-0
0
-0
-0
-0
-0
-0
0
-0
-0
0
0
-0
0
0
-0
0
0
-0
-0
-0
-0
-0
-0
0
0
0
-0
0
0
-0
0
0
0
0
0
0
0
-0
-0
0
-0
0
0
-0
0
0
0
0
0
-0
0
-0
-0
-0
-0
-0
-0
0
0
0
0
0
0
-0
0
0
0
0
-0
0
-0
0
-0
0
0
0
0
0
0
0
0
0
-0
-0
-0
-0
-0
-0
-0
0
0
-0
-0
-0
0
-0
-0
-0
-0
-0
-0
0
0
0
-0
0
-0
0
0
-0
0
-0
-0
0
0
0
0
-0
-0
0
0
0
-0
-0
-0
-0
-0
-0
0
-0
0
0
0
0
-0
0
-0
-0
0
0
-0
0
-0
-0
0
-0
-0
0
0
0
0
0
-0
0
-0
0
-0
0
0
0
0
-0
0
-0
-0
-0
-0
-0
-0
-0
0
-0
-0
0
-0
-0
-0
0
-0
-0
0
0
-0
-0
-0
0
0
-0
-0
-0
0
-0
0
-0
0
0
-0
0
0
-0
-0
0
-0
0
-0
0
0
-0
0
-0
-0
-0
0
-0
-0
0
0
0
0
-0
-0
-0
0
-0
-0
-0
0
-0
0
-0
-0
-0
-0
-0
0
0
-0
0
-0
-0
-0
-0
-0
0
-0
-0
-0
-0
-0
-0
0
0
-0
-0
0
0
-0
-0
-0
0
0
-0
-0
-0
-0
0
0
0
0
-0
0
-0
-0
-0
0
-0
0
0
-0
-0
-0
-0
-0
-0
0
0
-0
-0
0
0
-0
0
0
-0
-0
-0
0
-0
0
0
-0
0
-0
0
0
0
0
-0
0
0
-0
0
-0
0
0
-0
-0
-0
-0
0
0
-0
-0
-0
-0
0
-0
0
3.75773e-06
-0
-0
-0
0
0
-0
-0
-0
0
-0
-0
-0
0
0
-0
-0
-0
0
0
0
0
-0
-0
-0
0
-0
0
-0
0
-0
0
-0
-5.01863e-07
-0
0
-0
0
0
-0
-0
-0
0
-0
-0
-0
0
-0
0
-0
0
0
-0
0
0
0
0
0
0
-0
0
0
-0
0
0
0
-0
-0
-0
-0
-0
-0
-0
-0
-0
0
0
-0
-0
-0
-0
-0
0
0
-0
0
-0
0
0
-0
0
0
0
0
0
0
-0
-0
-0
-0
-0
0
0
0
0
-0
0
-0
0
0
-0
0
0
-0
0
0
-0
-0
0
0
0
0
0
0
-0
-0
0
0
0
-0
-0
-0
0
0
-0
0
0
0
-0
-0
0
-0
-0
-0
-0
0
0
0
0
-0
-0
0
0
-0
0
0
-0
0
-0
-0
0
-0
-0
0
-0
0
0
-0
0
0
-0
-0
0
0
0
-0
-0
0
-0
0
0
0
-0
-0
0
-0
0
-0
0
-0
-0
-0
-0
-0
-0
-0
-0
-0
-0
-0
-0
-0
0
-0
0
0
0
-0
-0
0
0
-0
0
0
-0
-0
-0
-0
-0
-0
-0
-0
-0
-0
0
0
-0
0
0
-0
0
0
-0
0
-0
0
-0
0
0
-0
0
0
0
0
0
0
0
0
-0
-0
-0
0
-0
-0
0
0
0
0
0
-0
-0
-0
0
-0
0
0
0
-0
0
-0
0
0
0
0
-0
-0
0
0
-0
-0
0
0
-0
0
-0
-0
0
-0
0
-0
-0
0
-0
0
0
0
0
0
-0
0
0
-0
0
0
-0
-0
0
0
0
0
0
0
0
-0
-2.47087e-06
-0
3.66039e-07
-0
0
-0
0
0
0
0
-0
-0
-0
0
-0
-0
-0
0
-0
0
-0
0
0
0
0
0
-0
-0
0
0
-0
-0
0
0
-0
0
-0
-0
-0
-0
-0
0
0
-0
-0
-0
-0
-0
-0
-0
0
-0
0
0
-0
0
0
-0
0
-0
-0
-0
0
-0
-0
-2.72904e-06
0
-0
-0
-0
0
-0
-0
0
0
-0
0
0
0
-0
-0
0
0
-0
0
-0
0
0
-0
0
-0
-0
0
-0
-0
-0
-0
0
0
-0
0
0
0
0
-0
-0
0
0
0
-0
0
0
-0
0
-0
-0
0
-0
0
-0
0
-0
-0
0
0
-0
-0
-0
-0
-0
0
-0
-0
-0
0
-0
-0
-0
-0
0
0
0
-0
0
0
-0
0
0
-0
-0
-0
-0
0
0
-0
0
0
-0
-0
0
0
-0
0
0
0
0
-0
-0
0
-0
-0
-0
-0
0
-0
-0
0
-0
-0
0
-0
-0
-0
0
0
0
-0
-0
0
-0
0
0
-0
-0
-0
0
0
-0
0
-0
-0
0
0
0
0
0
-0
4.90684e-06
0
1.15408e-06
-0
-0
0
0
-0
0
-0
-0
-6.41716e-06
0
-0
0
0
-0
0
0
0
-0
0
0
-0
-0
0
-0
0
0
0
-0
-0
0
0
0
-0
-0
-0
0
3.17268e-06
6.93991e-07
-0
-0
-0
0
-0
-0
0
0
-0
-0
0
-0
0
-0
-0
0
-0
-0
-0
0
0
-0
0
0
-0
0
0
-0
-0
-0
0
-0
-0
0
-0
-0
0
0
-0
-0
-0
0
-0
0
-0
0
-0
0
-0
-0
0
0
0
-0
-0
-0
0
0
0
-0
0
-0
0
6.06296e-06
-0
0
-0
0
-0
0
-0
0
0
0
-0
-0
-0
0
0
0
0
-0
-0
0
-0
0
0
-0
0
-0
0
0
0
0
-0
0
-0
0
-0
0
-0
-0
0
0
0
0
-0
-0
0
0
-0
0
0
0
0
-0
0
0
-0
-0
0
-0
-0
-0
-2.11202e-06
-4.89169e-06
0
0
0
0
-0
-0
0
0
-0
0
0
0
-0
-0
0
-0
-0
0
-0
-0
-0
-0
-0
0
0
0
-0
0
-0
-0
0
0
-0
-0
-0
0
0
-0
-0
0
-0
0
-0
-0
-0
0
0
0
-0
-0
0
-0
0
0
0
0
0
-0
-0
-0
0
-0
-0
-0
0
0
0
0
0
0
-0
-0
0
0
0
-0
-0
0
0
-0
-0
0
-0
-0
0
0
-0
0
0
0
-0
0
0
-0
0
0
-0
0
0
0
-0
-0
0
0
0
0
0
-0
-0
-0
0
-0
-0
-0
0
-0
0
0
0
0
0
0
-0
0
-0
-0
-0
0
-0
-0
0
-0
0
0
0
-0
-0
0
0
-0
-0
0
0
0
0
-0
-0
0
-0
0
0
0
-0
-0
-0
0
-0
-0
-0
0
0
0
0
0
-0
0
0
0
0
-0
-0
-0
0
0
-0
-0
-0
0
-0
0
0
0
0
-0
0
-0
-0
0
-0
0
-0
-0
-0
-0
0
-0
-0
2.8177e-07
4.14684e-06
-0
0
-0
-0
-0
0
-0
0
0
-0
0
-0
-0
-0
0
0
-0
-3.86128e-06
0
3.9714e-06
7.04949e-06
0
0
-0
0
0
-2.68302e-06
-1.96992e-06
3.26216e-06
-0
0
-0
0
0
0
-0
-0
0
-0
0
0
0
-0
0
-0
-0
-0
0
0
-0
0
0
0
-0
-0
-0
0
0
-0
0
0
-0
0
-0
0
-0
-0
0
-0
-0
0
0
0
0
-0
0
0
0
-0
0
-0
-0
-0
0
-0
-0
0
0
-0
-0
-0
0
-0
-0
-0
-0
-0
-0
-0
0
-0
0
-0
-0
0
0
-0
0
-0
0
0
0
0
0
-0
-0
0
0
0
0
0
-0
0
0
-0
-0
-0
-0
0
-0
-0
0
-0
-0
-0
0
0
0
-0
-0
-0
-4.01696e-06
0
0
-3.87734e-06
1.54966e-06
0
6.01105e-06
-0
2.13371e-06
0
-6.15465e-06
1.34926e-07
-0
6.28958e-06
3.53356e-06
-5.58894e-06
-2.83293e-06
-0
-0
0
-0
-0
-0
0
0
0
0
-2.37646e-06
-0
0
0
-0
0
-0
-0
0
0
-0
-0
-0
0
-0
-0
-0
0
1.30661e-06
-0
-0
-0
0
-0
0
-0
0
-0
0
0
0
0
-0
-0
0
0
-0
0
-0
-0
-0
-0
0
0
-0
-0
-0
-0
0
0
-0
0
0
0
-0
-0
0
0
-0
0
0
7.52313e-06
0
-0
0
0
0
0
-0
-0
-0
0
-0
-0
0
-0
-0
0
-7.48461e-06
-0
-0
-0
0
-0
-0
0
-0
0
-0
-0
-0
0
0
0
-0
-0
0
0
-0
-0
-0
-0
-0
0
0
0
0
0
-0
0
-0
0
0
-0
0
0
-0
0
0
-0
0
0
0
-0
0
-0
0
0
0
0
-0
0
0
-0
0
-0
-0
0
-0
0
0
0
0
0
-0
0
-0
0
-0
-0
0
0
-0
-0
0
0
0
-0
-0
0
-0
0
0
0
-0
0
0
0
-0
-0
-0
-0
-0
-0
-0
-0
-0
-0
0
-0
-0
-0
0
0
0
-0
0
0
-0
-0
-0
0
-0
0
0
-0
0
0
-0
0
0
0
-0
-0
0
-0
-5.40472e-06
-0
0
0
0
0
-0
0
-0
0
0
-0
0
0
0
0
-0
-0
0
0
-0
-0
0
-0
0
0
-0
-0
-0
-0
0
0
0
0
-0
0
0
0
0
-0
-0
-0
-0
-0
0
0
-0
-0
0
0
-0
0
0
0
0
0
0
0
-0
0
0
-0
-0
-0
-0
0
-0
0
-0
0
-0
-0
-0
-0
-0
0
0
-0
-0
0
-2.88662e-06
0
0
0
0
-0
-0
0
-0
0
0
5.45018e-06
8.34493e-06
0
-0
0
0
0
-0
0
0
-0
-0
-0
0
0
-0
-0
0
0
-0
-0
-0
-0
-0
-0
0
0
-0
0
-0
0
0
0
0
0
0
0
0
0
0
-0
0
0
-0
0
0
0
0
0
-0
0
-0
-0
-0
0
-0
-0
-0
-0
0
-0
-0
-0
0
-0
-0
-0
-0
0
0
-0
0
0
0
0
-0
-0
-0
0
-0
0
0
-0
-0
0
0
-0
-0
-0
-0
0
-0
0
-0
0
-0
0
-0
-0
-0
-0
-0
0
0
-0
0
0
0
0
0
-0
0
-0
-0
-0
0
-0
-5.58182e-06
0
-0
-0
-0
-0
0
-0
-0
-0
0
-0
-0
-0
-0
-0
0
-0
0
-0
-0
-0
-0
-0
0
-0
0
0
0
0
-0
0
0
-0
-0
-0
-0
-0
-0
-0
0
-0
0
0
0
-0
-0
-0
-0
0
-0
-0
0
0
-0
0
-0
-0
0
-0
-0
-0
0
0
-0
0
0
0
0
0
-0
0
-0
0
0
0
0
0
0
-0
-0
0
0
0
0
-0
0
0
0
-0
-0
-0
0
0
0
0
0
0
0
-0
-0
0
-0
0
-0
0
-0
0
0
0
0
-0
-0
-0
-0
-0
-0
0
0
-0
0
0
0
-0
0
0
-0
0
-0
-0
-0
0
0
-0
0
-0
-0
-0
0
0
0
-0
-0
-0
-0
-0
0
0
0
-0
0
0
-0
-0
0
0
-0
-0
0
0
0
-0
0
0
-0
-0
0
-0
0
0
0
-0
0
-0
0
-0
0
0
0
-0
0
0
0
0
-0
0
-0
-0
0
-0
0
0
-0
-0
0
0
-0
0
-0
0
-0
-0
0
-0
0
0
0
-0
-0
-0
-0
0
0
0
-0
0
0
-0
0
-0
-0
-0
-0
-0
0
0
0
-0
-0
0
-0
-0
0
0
0
-0
0
-0
-0
0
-0
0
-0
0
0
-0
0
-0
0
0
0
-0
-0
-0
0
-0
-0
-0
-0
-0
0
-0
-0
-0
0
0
0
-0
-0
0
-0
-0
0
-0
0
-0
0
-0
-0
0
-0
-0
-0
0
-0
0
-0
-0
0
-0
0
-0
0
-0
0
-0
0
0
-0
0
0
-0
0
-0
-0
-0
-0
0
0
0
-0
0
0
-0
0
0
-0
0
0
0
0
-0
0
-0
-0
-0
-0
-0
0
0
-0
0
-0
0
-0
0
-0
0
-0
0
0
0
-0
-0
0
0
-0
0
0
0
-0
0
0
0
0
-0
-0
0
-0
0
0
-0
-0
0
0
0
0
-0
0
0
-0
-0
-0
0
-0
-0
-0
0
0
0
-0
0
0
0
-0
-0
-0
0
-0
0
0
-0
-0
-0
-0
-0
0
0
-0
-0
0
-0
0
-0
-0
-0
-0
-0
-0
-0
-0
0
0
-0
-0
-0
0
0
0
-0
0
-0
0
0
-0
-0
-0
-0
0
-0
-0
-0
-0
-0
0
0
-0
0
0
0
0
-0
-0
0
-0
-0
0
0
-0
0
-0
0
0
-0
0
0
0
-0
-0
0
-0
-0
0
-0
-0
-0
0
-0
-0
0
0
-0
-0
-0
-0
0
0
0
-0
-0
-0
-0
-0
-0
0
0
-0
0
-0
-0
-0
-0
-0
0
0
0
0
0
-0
0
0
0
-0
-0
-0
-0
-0
0
-0
-0
0
0
-0
0
-0
0
-0
-0
0
-0
-0
-0
-0
0
0
0
0
0
0
-0
0
-0
0
0
-0
0
0
0
0
0
0
0
0
0
-0
-0
0
0
0
-0
-0
-0
-1.7093e-06
3.51409e-06
-0
-0
-0
0
-0
0
-0
0
0
-0
0
-0
0
-0
-0
0
-0
0
0
0
-0
0
0
0
0
0
0
-0
0
-0
0
-0
-0
0
-0
-0
-0
0
0
-0
-0
0
-0
0
0
0
-0
-0
0
0
0
-0
0
0
0
-0
-0
0
-0
0
0
0
-0
0
-0
0
0
-0
-0
-0
0
0
-0
-0
-0
-0
0
0
-0
0
-0
-0
0
-0
-0
-0
-0
0
0
-0
0
0
0
-0
-0
-0
-0
-0
0
0
0
-0
-0
0
0
0
0
0
-0
-0
0
0
0
0
0
-0
0
-0
-0
0
0
-0
-0
-0
0
-0
-0
-0
0
-0
0
0
0
0
0
0
-0
0
0
-0
-0
0
-0
-0
-0
0
0
-0
-0
-0
-0
-0
-0
0
-0
0
0
0
0
3.30042e-06
4.22967e-06
0
0
0
0
-0
-0
0
-0
0
-0
-0
-0
0
-0
0
0
-0
0
-0
-0
-0
0
-0
0
0
0
0
-0
0
0
-0
-0
0
0
-0
0
-0
0
-0
-0
0
0
-0
-0
-0
0
0
-0
0
0
-0
-0
0
0
0
0
-0
-0
-0
-0
-0
0
0
0
0
0
0
0
0
-0
-0
0
0
-0
-0
0
-0
-0
-0
0
-0
0
-0
-0
-0
0
0
-0
-0
-0
0
0
-0
-0
0
0
0
0
-0
0
0
0
0
-0
0
0
-0
-0
-0
-0
-0
0
0
0
0
0
-0
0
0
-0
-0
0
-0
-0
0
-0
-0
-0
0
-0
-0
0
0
0
-0
-0
0
-0
-0
-0
-0
-0
-0
0
-0
-0
0
-0
-0
-0
-0
0
0
-0
0
0
-0
-0
0
-0
0
-0
-0
-0
0
-0
0
-0
0
0
-0
-0
-0
0
-2.06194e-06
-0
-0
0
-0
-0
0
-0
-0
0
-0
-0
0
-0
0
-0
0
0
-0
0
-0
-0
0
0
0
-0
0
-0
-0
0
0
-0
0
-0
0
-0
0
0
0
-0
0
-0
-0
-0
0
0
-0
-0
-0
-0
-0
0
-0
0
0
-0
-0
0
0
-0
0
0
0
0
0
-0
-0
0
0
-0
0
0
0
-0
-0
-0
-0
0
-0
-0
-0
-0
0
-0
0
0
0
-0
0
0
0
0
-0
0
-0
0
0
0
-0
-0
-0
-0
-0
-0
-0
0
0
-0
-0
5.78155e-06
-8.80772e-06
5.41551e-06
0
0
0
0
0
-0
0
0
-0
-0
-0
0
0
0
0
-0
0
-0
0
0
-0
0
0
-0
-0
0
0
-0
-0
-0
-0
0
4.06592e-06
-3.64769e-06
-0
0
0
-0
-0
-0
0
0
-0
0
-0
0
-0
0
0
0
0
-0
0
-0
0
-0
-0
-0
0
-0
-0
-0
0
-0
0
0
0
-0
-0
-0
-0
0
0
-0
-0
0
0
-0
-0
-0
-0
-0
0
0
0
0
-0
0
0
-0
-0
-0
0
-0
0
0
0
0
0
0
-0
0
0
-0
-0
-0
-0
-0
-0
0
0
0
-0
0
0
-0
0
-0
-0
0
0
-0
0
-0
-0
0
-0
-0
-0
-0
0
-0
-0
-0
-0
-0
-0
-0
-0
0
0
0
-0
-0
0
0
-0
0
-0
-0
-0
0
-0
0
0
0
0
0
0
0
-0
0
0
0
0
-0
-0
-0
-0
-0
0
-0
0
-0
0
-0
-0
0
-0
-0
0
0
0
0
0
0
-0
-0
-0
0
0
0
0
-0
0
0
-0
0
0
-0
-0
-0
0
-0
-0
0
-0
-0
0
0
0
0
-0
0
-0
0
0
0
0
0
0
-0
-0
0
-0
0
0
0
-0
0
-0
-0
0
0
0
-0
0
0
-0
-0
-0
-0
-0
-0
-0
0
0
0
0
-0
-0
-0
0
0
0
-0
0
-0
0
-0
-0
-0
0
-0
0
-0
0
0
0
0
-0
0
-0
-0
0
-0
-0
0
0
0
-0
-0
-0
0
-0
0
-0
-0
-0
-0
0
0
0
-0
-0
-0
-0
-0
-0
0
0
0
0
-0
0
-0
0
0
-0
0
-0
0
0
0
-0
0
0
0
0
-0
-0
0
0
0
0
0
-0
-0
0
0
-0
0
-0
-0
0
0
-0
0
-0
-0
-0
-0
0
0
-0
0
0
0
0
-0
-0
-0
0
-0
0
0
0
0
0
-0
-0
-0
-0
-0
-0
-0
0
-0
0
-0
0
-0
-0
-0
0
-0
0
0
0
0
-0
-0
0
0
0
0
0
0
-0
0
0
-0
0
-0
-0
-0
-0
-0
0
0
0
-0
0
-0
0
-0
-0
0
-0
0
-0
0
0
0
-0
0
0
0
0
-0
0
-0
0
-0
0
-0
0
0
0
0
-0
0
0
-0
-0
0
-0
-0
-0
-0
0
0
-0
0
2.65611e-06
5.70447e-06
0
0
-0
0
0
0
0
-0
-0
-0
-0
0
-0
0
0
0
-0
-0
-0
-0
0
5.16003e-06
-2.31211e-06
2.11197e-06
0
-0
-0
0
0
-0
0
0
-0
-0
0
-0
0
0
0
0
-0
-0
-0
0
0
-0
0
0
-0
-0
-0
0
-0
-0
-0
-0
0
-0
0
0
0
0
-0
-0
0
-0
-0
-0
-0
0
-0
0
-0
-0
0
-0
-0
0
0
-0
-0
0
-0
0
0
0
0
0
0
-0
0
0
-0
0
-0
-0
-0
0
2.64903e-06
0
-0
0
-0
0
0
-0
-0
8.96342e-06
5.48005e-06
-3.48337e-06
6.31439e-06
2.83102e-06
-0
0
-0
0
0
-0
-5.26308e-06
-0
0
0
0
0
3.17476e-06
0
-0
0
0
0
-0
0
-0
-0
0
6.72005e-06
0
-0
-0
0
-0
-0
0
-0
-0
-2.58607e-06
0
-0
0
0
-0
0
-0
-0
-0
-0
0
0
-0
-0
-0
0
0
0
-0
-0
0
0
-0
-0
0
0
0
0
0
-0
0
0
0
0
-0
0
-5.9573e-06
8.76706e-06
0
-0
0
0
0
0
-0
0
-0
0
-0
-0
-0
0
-0
0
-0
0
0
-0
-0
0
0
0
-0
-0
-0
-0
0
0
-0
-0
-0
-0
0
-0
0
0
0
-0
-0
0
-0
-0
0
-0
-0
-0
-0
-0
0
0
-0
0
0
-0
0
-0
0
0
0
0
-0
0
0
-0
0
-0
-0
-0
-0
0
-0
-0
0
0
0
0
0
0
0
0
0
0
-0
-0
-0
-0
-0
0
0
-0
0
-0
-0
0
-0
0
0
0
-0
-0
-0
-0
-0
0
0
-0
0
-0
0
-0
-0
-0
0
0
0
-0
-0
0
-0
0
-0
0
0
-0
0
0
0
0
0
0
0
0
-0
0
-0
-0
0
0
0
-0
-0
0
0
0
-0
0
0
0
0
0
-0
-0
-0
-0
-0
0
0
-0
-0
-0
-0
-0
-0
-0
0
-0
-0
-0
-0
-0
0
0
-0
0
0
-0
0
-0
0
-0
0
-0
0
-0
0
0
-0
0
0
-0
-0
0
-0
0
-0
0
-0
0
0
-0
-0
-0
0
0
-0
-0
0
-0
0
-0
-0
0
0
0
-0
-0
0
0
0
-0
0
-0
-0
-0
-0
-0
0
-0
-0
-0
-0
-0
-0
0
-0
0
-0
-0
-0
0
0
-0
-0
-0
0
-0
-0
0
0
0
0
0
-0
0
-0
0
-0
0
0
0
-0
0
-0
-0
0
-0
0
-0
0
-0
0
0
0
-0
-0
-0
0
5.4015e-06
0
-0
0
0
-0
0
-0
0
-0
-0
0
0
0
-0
0
0
0
-0
-0
0
-0
0
0
-0
-0
1.80611e-06
0
0
0
-0
0
-0
-0
0
0
0
0
-0
0
-0
0
0
0
-0
0
-0
-0
-0
-0
0
4.72949e-06
0
-0
-0
-0
0
0
-0
-0
-0
-0
-0
-0
-0
-0
0
-0
-0
0
-0
0
0
0
0
-0
0
-0
-0
0
-0
-0
0
0
-0
0
0
-0
-0
0
0
0
-0
0
-0
-0
0
0
0
0
-0
0
0
0
-0
0
-0
0
-0
-0
0
0
-0
0
0
0
0
-0
0
0
0
-0
-0
0
-0
0
0
0
0
0
-0
0
0
0
0
0
-0
-0
0
-0
0
-0
0
0
0
-0
-0
-0
0
0
-0
-0
-0
-0
0
-0
-0
-0
-0
0
0
-0
-0
-0
-0
0
0
-0
-0
-0
-0
-0
0
0
-0
-0
0
-0
-0
-0
0
-0
0
-0
0
-0
-0
0
0
0
-0
0
-0
0
-0
0
-0
-0
0
0
0
-0
-0
0
0
0
0
0
-0
0
0
-0
-0
-0
0
0
0
-0
0
-0
0
0
0
-0
-0
-0
-0
0
-0
0
0
0
0
-0
0
-0
0
-0
-0
0
-0
0
-0
-0
-0
0
0
0
0
0
0
0
-0
-0
-0
0
0
-0
-0
0
0
-0
0
0
0
0
0
0
0
0
0
0
0
-0
0
-0
-0
0
0
-0
-0
-0
-0
-0
-0
-0
-0
0
-0
-0
0
0
-0
0
-0
-0
0
0
0
0
0
-0
0
-0
0
-0
-0
-0
-0
0
-0
-0
-0
-0
0
0
0
-0
0
-0
-0
-0
-0
-0
0
0
0
0
-0
0
0
-0
-0
0
0
0
0
-0
0
-0
-0
-0
0
0
-0
-0
0
-0
-0
0
-0
-0
0
0
-0
-0
0
-0
-0
0
0
0
0
-0
-0
0
0
-0
-0
-0
-0
-0
0
-0
-0
0
-0
-0
-0
-0
-0
-0
-0
-0
-0
0
0
-0
0
0
-0
0
-0
-0
-0
-0
0
-0
-0
0
0
-0
0
-0
0
0
0
-0
0
0
-0
-0
-0
-0
0
0
0
0
-0
-0
0
0
0
-0
-0
-0
-0
0
-0
-0
-0
0
-0
0
0
-0
-0
-0
-0
0
-0
-0
0
0
0
-0
-0
-0
-0
-0
-0
-0
0
0
0
0
0
0
-0
-0
0
0
0
0
0
0
0
-0
0
-0
0
0
0
0
0
0
0
0
0
-0
-0
0
0
0
0
0
-0
-0
-0
0
-0
0
-0
0
-0
-0
-0
-0
-0
0
-0
-0
-0
-0
0
0
-5.04452e-06
-0
-0
-0
0
0
0
-0
-0
-0
-0
-0
-0
-0
0
-0
0
0
0
-0
7.91094e-07
-0
0
-0
-0
0
0
-0
-0
-0
0
0
0
-0
-0
0
0
0
0
-0
-0
-0
0
0
0
0
-0
0
0
0
0
0
0
0
0
-0
-0
0
0
-0
-0
0
0
0
-0
0
-0
-0
0
0
0
0
0
-0
0
0
0
-0
-0
-0
0
-0
0
0
0
0
-0
0
0
0
-0
0
0
-0
0
0
-0
0
0
-0
0
-0
-0
0
-0
0
0
0
0
0
0
0
-0
0
-0
-0
0
0
0
-0
0
-0
-0
0
-0
0
-0
0
0
-0
0
0
0
0
0
-0
0
0
-0
0
0
-0
-0
0
-0
0
-0
0
0
0
0
-0
0
-0
-0
0
0
-0
-0
0
0
0
-0
-0
-0
-0
-0
-0
0
0
-0
-0
0
0
0
-0
0
0
-0
0
0
-0
-0
-0
-0
0
0
-0
0
0
0
-0
0
0
-0
-0
0
-0
-0
0
-0
-0
0
0
0
0
-0
-0
-0
-0
-0
0
-0
-0
0
0
0
0
0
-0
0
0
-0
0
-0
-0
-0
-0
0
-0
-0
0
-0
-0
-0
0
-0
-0
0
0
0
-0
0
-0
-0
0
0
-0
0
-0
0
0
0
0
0
-0
-0
-0
0
-0
0
0
-0
0
-0
0
0
-0
-0
0
-0
0
-0
0
0
0
-0
0
-0
0
0
0
-0
-0
0
0
-0
0
-0
0
-0
0
0
0
0
0
-0
-0
-0
0
-0
-0
-0
0
0
0
0
-0
0
0
0
0
-0
0
-0
-0
-0
-0
-0
-0
0
-0
0
-0
0
0
0
0
-0
0
-0
-0
-0
-0
-0
0
0
-0
-0
0
0
-0
0
-0
-0
0
-0
-0
0
-0
0
-0
0
0
-0
-0
0
-0
0
0
-0
0
0
-0
0
-0
-0
0
-0
0
0
-0
0
-0
-0
0
-0
-0
0
-0
-0
-0
-0
-0
-0
-0
0
0
0
0
-0
0
0
-0
-0
-0
-0
-0
0
0
0
0
0
0
3.3228e-07
-0
-0
0
-0
-0
-0
0
-0
-0
0
0
-2.35456e-06
0
2.53628e-06
-1.53947e-06
0
-0
-0
0
0
-0
-0
-0
0
-0
-0
4.13396e-06
0
1.97353e-07
0
-0
-0
-0
0
0
0
-0
0
-0
-0
0
-0
0
-0
-0
-0
0
-0
-0
0
-0
0
0
-0
-0
0
-0
-0
0
0
0
0
0
0
-0
0
-0
0
-0
-0
-0
0
-0
0
0
0
0
0
-0
0
-0
0
-0
0
-0
-0
0
-0
-0
0
-0
0
-0
0
0
0
-0
-0
0
-0
0
0
0
-0
0
-0
-0
-0
0
-0
-0
0
-0
-0
0
0
0
-0
0
-0
-0
0
-0
-0
-0
-0
-0
0
0
0
-0
0
-0
-0
-0
0
-0
-0
0
-0
-0
-0
-0
0
0
-0
-0
-0
-0
0
-0
0
0
-0
0
0
-0
0
-0
0
0
-0
-0
-0
-0
-0
0
0
0
-0
0
-0
-0
0
0
-0
0
0
-0
-0
-0
-0
-0
-0
-0
-0
0
-0
0
0
0
-0
0
0
-0
0
0
-0
0
0
0
0
-0
0
-0
0
-0
0
-0
-0
-0
-0
-0
0
0
-0
0
0
0
-0
0
0
0
-0
0
-0
0
0
-0
-0
0
-0
0
0
-0
-0
-0
-0
-0
-0
0
0
-0
-0
0
0
0
0
-0
0
-0
0
0
-0
-0
-0
0
0
0
0
-5.77207e-06
4.04116e-06
-0
0
0
0
0
0
-0
-0
0
-0
-0
-0
-0
-0
0
0
0
-0
-0
0
-0
-0
-0
-0
-0
0
0
0
0
0
0
-0
0
0
-0
0
0
-0
-0
0
-0
-0
-0
0
-0
0
-0
-0
-0
-0
0
0
-0
-0
0
-0
0
0
-0
-0
-0
-0
-0
-0
0
0
0
0
-0
0
-0
-0
-0
0
-0
0
-0
0
0
-0
-0
-0
-0
-0
-0
0
0
0
0
-0
0
0
0
-0
-0
0
-0
0
0
-0
0
0
-0
-0
-0
-0
0
0
5.59536e-06
0
-0
-0
0
-0
0
-0
-0
0
-0
-0
0
0
0
-0
0
0
0
0
0
-0
0
0
0
0
0
0
0
0
0
-0
0
-0
0
-0
-0
0
0
0
-0
-0
0
-0
-0
0
0
0
0
0
0
0
0
-0
-0
0
-0
0
-0
-0
-0
-0
-0
-0
0
0
0
0
0
0
0
-0
-0
0
-0
0
0
0
-0
0
0
0
0
0
-0
-0
-0
0
0
-0
-0
-0
-0
0
-0
-0
0
-0
0
-0
-0
-0
0
0
0
0
-0
-0
0
-0
0
-0
-0
0
0
0
0
-0
-0
0
-0
0
0
0
0
0
0
0
0
0
-0
0
0
0
-0
0
0
0
0
0
0
-0
-0
0
0
0
0
0
-0
-0
0
-0
0
-0
0
-0
-0
-0
0
0
0
-0
-0
-0
0
-0
0
-0
0
-0
0
-0
-0
0
0
-0
-0
0
-0
-0
0
0
-0
0
0
-0
-0
0
0
0
0
0
-0
0
-0
0
-0
0
0
-0
0
0
-0
0
0
-0
0
-0
0
0
-0
-0
0
-2.34162e-06
-0
0
-0
-0
0
-0
0
-0
0
-0
-0
-0
-0
-0
-0
-0
-0
0
0
-0
-0
0
-0
0
-0
0
0
-0
-0
0
0
0
0
-0
-0
-0
-0
0
-0
-0
-0
0
-0
0
-0
0
-0
-0
0
-0
-0
-4.15787e-06
-0
0
0
-0
-0
-0
-0
-0
-0
0
-7.33826e-06
3.97691e-07
-3.50294e-06
0
0
-0
0
-0
0
-0
-4.29527e-06
-0
-0
-0
-0
0
0
-0
0
-0
-0
-0
-0
0
-0
-0
0
-0
0
-0
0
0
0
0
0
0
0
0
-0
0
0
0
0
-0
-0
-0
0
0
-0
0
-0
-0
-0
-0
-0
-0
-0
0
0
-0
0
0
0
-0
-0
-0
0
-0
-0
0
0
-0
0
-0
0
0
0
0
-0
0
0
0
-0
-0
-0
-0
0
0
-0
0
-0
-0
-0
0
-0
0
0
-0
0
-0
0
-0
0
-0
-0
-0
0
0
-0
0
-0
0
-0
0
-0
-0
-0
0
0
-0
-0
-0
-0
0
-0
-0
0
0
0
-0
-0
-0
-0
-0
0
-0
-0
0
0
0
0
-0
0
-0
0
0
0
0
-0
-0
0
-0
-0
0
0
0
-0
-0
0
-0
-0
-0
-0
-0
-0
-0
0
0
-0
0
0
0
0
0
-0
-0
-0
0
-0
0
-0
-0
-0
-0
0
0
-0
0
-0
-0
-0
-0
-0
-0
0
-0
-0
-0
0
0
0
0
0
-0
-0
-0
-0
-0
-0
0
-0
0
-0
0
0
0
-0
-0
-0
0
-0
0
-0
2.07351e-06
-0
-0
-0
0
0
0
2.66275e-06
-0
-0
0
0
0
-0
-0
0
0
0
-0
0
-0
-0
-0
-0
-0
0
-0
0
0
0
0
0
0
0
0
0
-0
-0
-0
-0
0
0
0
-0
-0
0
-0
0
0
0
-0
0
0
0
-0
-0
0
-0
-0
-0
0
-0
-0
0
0
0
-0
-0
0
-0
-0
0
-0
0
0
0
0
0
-0
0
0
0
-0
-0
0
-0
0
-0
-0
-0
0
0
0
0
0
0
-0
0
0
0
-0
0
-0
-0
-0
0
0
0
0
-0
-0
0
-0
-0
-0
-0
-0
-0
-0
0
-0
-0
0
0
-0
0
-0
-0
-0
-0
0
-0
0
-0
0
0
-0
-0
-0
0
0
0
-0
-0
0
-0
0
0
-0
-0
0
-0
0
-0
0
-0
0
0
-0
0
0
-0
-0
-0
0
0
0
0
-0
0
0
-0
-0
-0
0
-0
0
0
0
-0
-0
-0
0
-0
-0
-0
-0
0
0
0
-0
-0
-0
0
0
0
0
-0
-0
0
0
0
0
0
0
0
-0
0
0
0
-0
0
0
0
0
-0
-0
-0
-0
-0
0
0
0
-0
-0
-0
0
-0
0
-0
-0
0
-0
-0
-0
-0
-0
0
0
0
-0
-0
-0
-0
0
-0
0
0
-0
0
0
-0
0
-0
-0
0
-0
0
0
0
0
-0
-0
-0
0
-0
0
-0
-0
-0
-0
-0
-0
-0
-0
-0
-0
-0
0
-0
-0
0
-0
0
-0
0
0
0
-0
0
0
0
-0
-0
-0
0
-0
0
-0
-0
-0
-0
-0
0
-0
-0
0
0
-0
0
-0
-0
-0
0
0
-0
0
-0
-0
0
0
-0
0
0
0
-0
-0
-0
0
-0
-0
-0
-0
0
-0
-0
0
0
0
-0
0
0
-0
-0
0
0
0
-0
0
0
-0
0
-0
-0
-0
0
0
-0
-0
0
-0
0
0
-0
0
-0
-0
0
0
0
0
0
0
-0
0
0
0
0
0
0
0
-0
-0
0
0
-0
-0
0
0
-0
0
-0
-0
0
0
-0
-0
0
-0
0
0
-0
0
-0
0
0
0
-0
-0
0
0
0
-0
-0
0
-0
-0
-0
0
-0
-0
-0
-0
-0
-0
-0
-0
-0
-0
0
-0
-0
-0
-0
-0
0
0
-0
-0
0
0
-0
0
0
0
-0
-0
0
0
-0
-0
0
-0
0
-0
0
0
0
0
-0
-0
0
0
-0
0
-0
0
-0
0
0
0
-0
0
-0
-0
0
0
-0
-0
0
-0
0
-0
0
-0
0
-0
0
-0
-0
-0
0
-0
-0
0
-0
-0
0
-0
0
-0
-0
0
-0
-0
0
0
0
0
0
0
-0
-0
-0
0
0
-0
0
0
0
-0
0
0
-0
-0
-0
0
0
-0
0
0
0
-0
0
0
-0
0
0
-0
0
0
0
4.98424e-06
-1.24195e-06
0
-0
-0
-0
0
0
-0
0
0
0
-0
-0
-0
-0
0
-0
-0
0
-0
0
-0
-0
-0
-0
-0
-0
0
-0
0
-0
-0
-0
0
-0
-0
0
0
-0
0
-0
0
0
-0
-0
-0
-0
-0
-0
-0
0
0
0
-0
0
-0
0
0
0
0
0
0
0
-0
0
-0
0
0
0
0
0
-0
-0
0
0
0
0
0
0
0
0
0
0
0
0
-0
-0
0
-0
0
-0
0
0
0
-0
0
-0
0
-0
0
0
-0
0
-0
0
0
-0
0
0
0
-0
0
-0
-0
0
-0
-0
-0
0
0
-0
-0
0
0
-0
-0
0
-0
-0
-0
0
-0
-0
-0
0
-0
-0
-0
0
0
0
0
-0
0
-0
-0
-0
-0
-0
-0
-0
0
-0
-0
0
0
-0
-0
-0
0
0
0
-0
0
0
-0
0
0
-0
-0
0
0
-0
0
0
-0
0
0
0
0
0
0
0
-0
-0
-0
-0
0
-0
-0
-0
-0
-0
-0
0
0
-0
0
0
-0
0
-0
-0
-0
0
-0
0
0
0
-0
-0
0
-0
0
0
0
-1.46139e-06
-0
0
-0
-0
0
-0
5.46647e-06
-6.99216e-07
0
0
-0
-0
0
-0
0
0
-0
-0
0
-0
0
-0
-0
0
-0
0
-0
-0
-0
-0
-0
-0
0
0
-0
-0
0
-0
0
0
0
-0
-0
0
-0
0
0
-0
-0
0
0
0
-0
0
0
-0
-0
0
-0
-0
-0
0
0
-0
-0
-0
-0
0
-0
0
-0
0
0
-0
-0
-0
0
-0
0
-0
-0
0
-0
0
-0
-0
-0
-0
-0
-0
0
0
-0
-0
-0
-0
-0
0
0
-0
0
0
0
-0
0
0
0
0
-0
-0
-0
0
-0
-0
-0
-0
-0
0
-0
0
-0
-0
0
0
0
-0
0
-0
-0
-0
0
0
-0
-0
-0
-0
0
0
-0
0
0
0
-0
-0
0
-0
-0
-0
0
-0
0
-0
0
-0
-0
-0
-0
-0
-0
-0
-0
-0
0
0
-0
0
-0
0
-0
0
-0
-0
0
-0
0
-0
0
-0
0
0
-0
2.28084e-06
0
0
0
-0
0
0
0
-0
0
-0
0
0
0
0
0
0
0
-0
0
0
0
0
-8.25055e-06
-0
-0
0
0
0
-0
0
-0
-0
0
-0
0
-0
0
-0
-0
-0
0
-0
0
0
-0
-0
0
-0
0
0
0
0
0
-0
0
0
0
-0
0
0
-0
-0
-0
-0
-0
0
0
-0
-0
-0
-0
0
-0
0
-0
-0
-0
0
-0
0
0
0
0
0
-0
-0
-0
0
-0
-0
0
0
-0
0
0
-0
0
0
0
-0
0
-0
0
0
-0
0
0
0
-0
-0
0
0
-0
-0
0
0
-0
-0
0
-0
0
0
-0
-0
0
-0
-0
-0
0
0
-0
-0
0
-0
0
-0
0
0
-0
-0
0
0
-0
-0
-0
0
0
0
-0
-0
-0
-0
0
0
-0
0
0
0
0
0
0
-0
-0
0
0
-0
-0
-0
-0
0
-0
0
0
0
0
0
-0
-0
-0
0
-0
-0
0
-0
-0
0
0
0
0
0
-0
0
0
0
-0
-0
0
-0
-0
-0
0
0
0
-0
0
-0
-0
-0
-0
-0
0
-0
-0
-0
0
0
-0
-0
0
-0
0
0
0
-0
-0
0
-0
-0
0
0
-0
-0
0
-0
0
-0
0
-0
0
0
0
-5.14631e-06
-0
0
0
-0
-0
-0
0
0
-0
-0
0
0
-0
-0
-0
-0
-0
-0
-0
-0
0
-0
0
-0
0
-0
0
-0
-0
0
0
0
-0
-0
0
0
0
0
-0
0
0
-0
0
-0
-0
0
-0
-0
0
0
0
0
-0
-0
0
0
0
0
0
-0
0
-0
0
0
0
-0
-0
-0
0
0
0
0
-0
0
0
-0
-0
-0
-0
-0
0
-0
-0
0
0
0
0
0
-0
0
-0
-0
0
-0
-0
0
-0
0
0
-0
-0
-0
-0
0
-0
-0
0
-0
-0
0
-0
-0
0
-0
-0
-0
-0
0
0
-0
-0
-0
0
6.37291e-06
-0
0
-0
-0
-0
-0
-0
-0
-0
-0
-0
-0
-0
-0
0
0
-0
0
-0
0
0
-0
0
-0
-0
-0
-0
-0
-0
-0
-0
0
-0
-0
0
0
0
0
-0
-0
-0
0
0
-0
0
0
-0
-0
-0
0
0
-0
0
0
0
-0
-0
0
-0
0
-0
0
0
-0
-0
0
-0
-0
-0
0
0
0
0
-0
0
-0
-0
-0
0
-0
0
-0
-0
0
-0
0
0
-0
-0
-0
0
0
-0
0
-0
0
0
0
0
-0
0
-0
-0
0
-0
0
-0
-0
-0
-0
0
0
0
0
0
0
0
-0
-0
0
-0
-0
0
0
0
-0
-0
-0
0
0
0
0
0
-0
-0
-0
-0
-0
-0
0
0
0
-0
-0
0
0
-0
-0
0
-0
-0
0
0
0
-0
-0
0
0
0
0
0
0
-0
-0
-0
0
0
-0
-0
0
0
-0
0
-0
-0
0
-0
0
-0
0
0
-0
0
0
0
-0
-0
-0
-0
0
-0
0
-0
0
0
-0
0
0
0
0
-0
-0
-0
-0
-0
0
-0
-0
-0
0
-0
0
0
0
-0
0
0
-0
0
0
0
-0
5.87883e-08
-5.35672e-06
-0
0
-0
-1.85375e-06
0
0
-0
0
-0
0
0
-0
-0
0
0
0
-0
-0
-0
0
0
0
-0
0
-0
-0
0
0
0
0
-0
0
-0
0
-0
-0
0
0
0
0
-0
0
-0
-0
0
0
0
-0
-0
-0
0
-0
0
0
-0
0
0
0
0
0
0
-0
-0
-0
-0
-0
-0
0
0
0
-0
0
-0
0
4.90635e-06
0
0
0
0
-0
-0
-0
-0
-0
0
0
0
-0
0
-0
-0
0
0
0
0
0
0
0
0
0
0
-0
0
0
-0
0
0
0
-0
-0
0
0
-0
0
-0
0
0
-0
-0
-0
0
0
0
-0
-0
0
0
-0
-0
0
0
0
-0
0
-0
0
-0
0
0
-0
-0
0
-0
0
-0
0
-0
0
0
-0
0
-0
0
0
-0
0
0
0
0
-0
0
-0
-0
0
-0
0
-0
0
0
-0
0
0
0
0
0
0
0
0
0
0
-0
-0
-0
0
0
0
0
0
-0
-0
0
-0
-0
0
-0
-0
0
0
-0
-0
-0
-0
0
-0
-0
0
0
-0
-0
-0
-0
0
0
-0
-0
0
0
-0
0
0
0
0
0
-0
0
-0
0
-0
-0
0
0
0
0
-0
0
0
-0
-0
0
0
0
-0
-0
0
0
-0
-0
0
-0
0
-0
0
-0
-0
-0
0
-0
-0
-0
-0
0
0
-0
0
-0
0
-0
-0
0
0
-0
-0
0
0
-0
0
0
0
-0
-0
-0
0
-0
0
-0
-0
0
-0
-0
0
-0
-0
-0
0
-0
-0
0
0
-0
-0
0
-0
0
0
0
0
-0
0
0
-0
0
-0
0
0
0
-0
0
0
-0
-0
-0
0
-0
0
-0
-0
0
-0
-0
-0
-0
-0
0
-0
0
0
0
-0
0
-0
0
-0
-0
0
-0
0
-0
0
-0
-0
0
-0
0
-0
0
-0
-0
-0
-0
0
0
-0
0
-0
0
-0
-0
0
0
0
0
0
0
-0
0
0
-0
0
-0
0
0
-0
0
0
0
-0
0
0
0
0
0
-0
-0
0
0
-0
0
0
0
0
5.1397e-06
-0
-0
0
0
-0
-0
0
-0
0
0
