FiniteElementSpace
FiniteElementCollection: ND_3D_P1
VDim: 1
Ordering: 0

0
0
0
-0
-0
0
0
0
0
-0
8.54171e-05
0
-0
0
0
-0.000119826
0
-0
0
-0.000148347
0
-0
-0
0.000100846
1.5429e-05
-0
0
-0
0
0
0
0
-0
0
0
0
0
-0
0
-0
0
-0
0
-0
0.000124114
-0
-0
-0.000131375
-8.71319e-05
-0
-0
8.15646e-05
0
-0
0
-6.55904e-05
-0.000157122
-7.55578e-05
-0.000206933
-0.000106987
3.1429e-05
8.54333e-05
6.20019e-05
-0.000159971
0.000147435
-7.45381e-05
0.000221973
-0
-0
-0
-0
0
-8.69321e-05
-5.55146e-06
6.30373e-05
-8.13806e-05
0.000149969
6.85888e-05
0.000156014
4.77347e-05
-6.59588e-05
0.00010828
-0.000113694
-3.91555e-05
0.000191095
0.000111836
-7.9259e-05
0.000116557
3.72982e-05
-0
-0
0
0
0
0
6.05031e-05
3.66132e-05
-2.38899e-05
-0.000110822
-0
0
-0
0
0
0
0
-9.70194e-05
-0.000116171
-0.000106284
-1.91519e-05
-0.000174449
-0.00017735
-0.000171316
0
-0
-0
0
0
0
0
0
0
-0
-0
0.000154623
0.000156122
0.000108698
-1.49876e-06
4.59251e-05
4.74239e-05
3.07923e-05
0
-0.000167009
0
-0.000136217
0
-0
0
-0
-0
0
-0
-0
-0
-0
0
0
0
-0
0
0
0
5.52661e-05
-8.7127e-05
-4.17525e-05
0.000142393
1.35136e-05
-0.00012888
4.9063e-06
6.01723e-05
-8.22207e-05
-0.000205039
-1.74124e-05
-7.35317e-05
-0.000187627
-0.000131508
-5.61193e-05
5.98396e-06
-0.0001094
-5.01353e-05
0.000115384
5.92649e-05
-3.66218e-05
-0.000179015
0
-0
0
-0
0
0
0
-0
0
-0
0
-0
0
-0
0
0
-0
0
-0
-0
-0
-0
0
-0
0
0
0
0
0
-0
-0
-0
-0
-0
-0
0
0
0
-0
0
0
0
0
-0
-0
-0
-0
-0
0
0
0
0
-0
0
-0
-0
-0
-0
0
0
0
-0
-0
0
0
0
0
-0
-0
-0
0
-0
0
0
0
-0
-0
-0
0
-0
-0
5.87368e-06
0
0
-0.000142675
0
0
2.14847e-05
-6.13606e-05
0
0.000140328
0
-0
-0.000119237
5.46915e-05
-0.00014129
-6.45456e-05
2.20532e-05
-8.65988e-05
9.85889e-05
0.000120642
0.000185188
1.5332e-05
7.66926e-05
-0.000115887
-0.000131219
-0.00019258
7.62376e-05
2.69647e-05
-4.29995e-05
0.000146202
0.000103202
0
-0.00010436
8.16562e-05
-5.05749e-05
-4.2568e-05
-0.000158985
-8.00697e-06
0.00010841
0.000116417
-0
-0
0
-0
-0
-0
-0
-0
-0
-0
0
-0
0
-0
0
0
-0
-0
-0
0
-0
0
0
0
-0.000225142
-0.000137996
-9.65184e-05
4.14778e-05
-0
0
-0
0
0
0
0
0
0
0
0
-0
-0
-0
0
0
0
-0
-0
0
-0
0
-0
0
0
0
0
-0
-0
-0
0
0
0
-0
-0
-0
-0
0
0
-0
-0
-0
-0
-0
-0
-0
-0
-0
0
-0
0
-0
-0
0
-0
0
-0
-0
0
-0
-0
-0
-0
0
-0
-0
-0
-0
0
0
-0
-0
-0
0
-3.44084e-05
-0
-0
-0
0
0
1.91863e-05
0.000128058
-9.73709e-05
-0.000108872
-1.15008e-05
-5.05809e-05
-0.000149953
-0.000200534
-0.000169105
-0.000260061
0.000153777
-0.000172929
-0.000137936
-5.63715e-05
0.00010828
-0.00015178
-4.54963e-05
0
-0
-0
-0
0
-0
0
-0
0
-0
0
-0
0
-0
-0
-0
0
0
-0
0
0
0
-0
0
0
-1.90059e-05
-0.000129564
1.7633e-05
0.000110558
-3.6639e-05
0.000147197
0.00025415
0.000144941
0.000144121
0.000109209
-0.000110029
-8.20215e-07
0.000173114
6.56324e-05
0.000209753
0.000107482
0.000105033
-0.00010472
8.65403e-05
1.84931e-05
-0.00019126
-0
-0
0
-0
-0
0
-0
0
-0
0
0
-0
0
-0
0
0
0
0
-0
0
0
0
-0
0
0
0
-0
0
0
-0
-0
0
-0
-0
0
-0
0
-0
0
0
-0
-0
-0
0
-0
-0
0
-0
0
-0
0
0
-0
-0
0
-0
0
-0
0
-0
0
-0
0
0
0
0
0
0
0
0
0
0
-0
0
-0
0
-0
0
0
0
0
-0
-0
0
-0
0
0
-0
-0
-0
0
0
0
0
-0
-0
-0
0
-0
0
-0
0
-0
0
0
-0
-0
0
0
-0
0
0
0
-0
-0
0
-0
-0
-0
0
0
-0
0
-0
-0
-0
-0
-0
-0
0
-0
0
0
0
0
-0
0
-0
0
0
0
-0
-0
-0
-0
0
-0
0
0
0
-0
0
-0
-0
-0
0
-0
0
0
-0
-0
0
-0
-0
0
0
-0
0
-0
-0
0
-0
-0
-0
-0
0
-0
0
0
-0
-0
-0
0
-0
-0
0
-0
0
0
0
-0
-0
0
-0
0
0
-0
-0
0
-0
-0
0
0
0
-0
-0
-0
0
0
-0
-0
-0
-0
0
-0
0
0
0
0
0
0
-0
-0
0
0
-0
-0
-0
-0
0
-0
-0
-0
0
0
-0
0
-0
0
0
-0
0
-0
-0
0
-0
0
-0
0
0
-0
0
-0
0
0
-0
0
0
-0
-0
-0
0
-0
-0
0
0
-0
0
0
-0
0
-0
-0
-0
0
-0
0
-0
0
0
0
0
0
0
0
0
0
-0
-0
-0
0
3.48421e-05
-7.35681e-05
-0.000189462
9.01455e-05
-1.82648e-05
-9.93163e-05
-0.000207727
0.000123186
-3.22962e-05
0.000155482
0.000104921
-5.0561e-05
-0.000152933
0
-0
-0
-6.6004e-05
0
-0
0
0
0
-9.66143e-06
-0.000114582
0
-0
0
0
0
-0
0
-0
0
0
0
-0
-0
0
-0
0
0
-0
-0
0
0
0
0
0
0
-0
-0
0
0
0
-0
-0
-0
-0
-0
0
-0
-0
-0
-0
-0
-0
-0
0
0
0
-0
0
-0
-0
-0
0
0
-0
0
0
-0
-0
-0
0
0
0
0
-0
-0
-0
0
-0
-0
-0
0
-0
-0
-0
-0
-0
0
0
0
-0
-0
0
-0
-0
-0
0
-0
-0
-0
-0
0
0
0
0
0
0
0
0
-0
-0
-0.000179998
-5.28354e-05
-9.11851e-05
0
0
-3.83497e-05
0
-0
0
0
0
0
1.54322e-05
-4.68697e-05
0.000106617
6.23019e-05
0.000153487
-0
0
0
0
0
-0
-0
0
0
5.73137e-05
-4.03795e-05
-9.76932e-05
0
0
0
0
0
-0
-0
0
-0.000193867
-7.87292e-05
0.000115137
-9.61733e-05
4.60156e-05
-5.01577e-05
0.000103329
0
-0
-0
0
-0
0
-0.000164083
6.2142e-05
-9.47203e-05
-0.000226225
-6.9363e-05
-0.000156862
0.000117568
-4.65154e-05
0.00017971
-5.1687e-05
-0.000169255
8.636e-05
-0.000138047
-0.000255615
-0
-0
0
-0
-0
0
-0.000246919
-8.28358e-05
-0.000129351
-0
-0
-0
0
-0
-0
-0
0
0
-0
0
0
-0
-0
-0
-0
0
0
-0
0
-0
0
-0
0
0
-0
0
-0
-0
0
-0
-0
6.70247e-05
0
0
0
0
-0
0
-0
-0
0
0
0
0
-0
-0
-0
-0
-0
-0
-0
0
-0
0
0.000162719
-0
6.59662e-06
0
0
-0
-0
0
-0
-0.000265994
-5.64684e-05
0.000209526
0.000100654
-7.64395e-05
-0
-0
0
0
-0
-9.15936e-05
-0
-0.000169136
-9.65525e-05
-6.83011e-05
-0.000159895
-0.000164854
-0.00011371
2.42258e-05
-0.000156259
-0.000180485
0.000106099
-0.000103426
0.000203373
6.15265e-06
-0.000102719
0
-0
0
-0
0
-0
0
0
-0
-0
-0
0
-0
-0
-0
-0
-0
-0
-0
-0
-0
2.41467e-05
-0
0
0
-0
0
0
0
-0
0
0
-0
0
-0
-0
0
-0
0
-0
0
-0
0
0
0
-0
-0
-0
-0
-0
-0
-0
0
-0
0
-0
0
-0
0
-0.000143503
0.000219736
0.000141903
5.32573e-05
-7.78322e-05
-0.000166478
8.86461e-05
-0
-0
0
0
0
-0
-1.72151e-05
-0
0
-0
-0
-0
0
-0
-0
-0
-0.00011176
6.26896e-05
0
0
0
0
0
0
-0
0
0
-0
-0
-0
0
0
-0
-0
-0
0
-0
0
-0
0
-0
0
-0
-0
0
0
0
0
0
0
-0
-0
0
0
0
0
0
0
0
0
0
-0
0
-0
0
-0
0
0
0
0
0
0
0
0
-0
0
-0
-0
-0
0
-0
0
-0
-3.02954e-06
2.12673e-05
-0.00015016
-2.42969e-05
-0.00014713
-0.000171427
-8.97551e-05
-0.000115284
3.15556e-07
-0.000204724
-1.70969e-05
3.42618e-05
-0.000122886
-4.85411e-05
-0.000157148
-1.42793e-05
-0
0
-0
0
0
0
1.85247e-05
-0.000111039
-9.67595e-05
0
0
-0
-0
0
0.000215134
-0
-0.000189534
0.000136405
-5.31288e-05
5.83433e-05
0.00019505
0.000111472
0
-0
-0
1.85608e-06
-0.000205842
-0
-0.000171434
0
0
0
-0
0
-0.000132274
1.98988e-05
-3.91597e-05
-0.000152173
-1.92608e-05
-0.000120552
1.77713e-05
0.000138324
-0.000139813
-1.48951e-06
0
3.16202e-05
0
-0.000149836
-0.000167608
0.00021609
0.000201596
-0.000115353
-0
-0
0
0.000131976
-0
0
-0
0
-0
0
0
0
0
0
-0
3.31183e-06
0
-5.14866e-05
-0
5.47984e-05
0
-0
-0
0
-0
0
0
-0
0
0
-0
0
0
0
0
0
-0
0
0
0
-0
-0
0
0
0
0
0
-0
0
-0
-0
0
0
0
0
-0
-0
-0
0
0
0.000147576
-0
-1.89516e-06
0
-0
-0.000191677
-0.000119692
1.04424e-05
2.78836e-05
-0.000158301
5.79864e-05
-6.17057e-05
0.000134224
0.00019593
4.2862e-05
9.1362e-05
-4.14512e-05
-0
0
-0.000151558
-4.8839e-05
9.17222e-06
-5.80113e-05
-9.35468e-05
0.000163795
0.000105784
0
0
-6.33281e-06
-0
-0.000106279
-0
0
0
-0
0
-0
0
0
0
-0
-0
-0
0
0
0
-0
0
-0
-0
-0
-0
-0
-0
0
0
-0
-0
-0
-0
-0
-0
0
-0
-0
-0
0
-0
-0
-0
0
-0
0
0
0
-0
0
0
0
0
0
0
-0
-0
0
-0
-0
-0
0
0
0
0
-0
0
-0
0
0
-0
0
-0
-0
-0
0
-0
-0
-0
-0
-0
-0
0
0
0.000124717
0
-4.30773e-05
-0
0
-0
0
0
0
-0
0
0
0
0
0
0
-0
0
-0
-0
-0
0
-0
-0
0
-0
0
-0
0
0
0
-0
-0
-0
-0
0
0
-0
0
0
0
-5.20944e-05
-0.000109511
-0
0
0
-0
0
0
0
-0
-0.000138458
6.57537e-05
-0.000195874
-7.27044e-05
-0.000130121
-0
0
0
0
-0
0
0
0
-0
-0
0
-0
0
-0
0
-0
-0
-0
-0
-0
-0
-0
0
0
-0
-0
0
-0.000228537
-3.8093e-05
-0.00015088
0.000190444
7.76569e-05
-0.000112787
-4.04451e-07
0.000134331
-7.80614e-05
-0.000134735
-5.66737e-05
1.76618e-05
0.000102059
-9.51248e-05
8.43974e-05
0.000197184
0
0.000109634
1.4509e-05
-0
-0
-0
-0.000183294
-8.81688e-05
-0
5.57548e-05
0.000177091
-0.000102169
-0
0
0
-7.25931e-05
6.17376e-05
4.27602e-05
0
0
-0
-0
-0
0
-2.64312e-05
0.000124169
0
0
-4.9905e-05
6.30806e-05
-0
-0
0
-0
-0
0
0
-8.80034e-05
-0.000197404
-4.63197e-05
-0.000115934
-6.96146e-05
-0
-5.48461e-05
6.69815e-05
-0
-0
0
0
0
-0
0
-0
0
-0
0
0
0
-0
-0
0
-0
0
-0
0
-0
-0
0
-0
-0
-0
-0
-0
-0
0
-0
-0
0
-0
-0
-0
-0
-0
0
0
0
-0
0
0
0
-0
-0
0
-0
-0
0
-0
-0
-0
0
-0
0
0
-0
0
0
-0
-0
0
0
-0
-0
-0
-0
-0
0
-0
0
-0
-0
0
-0
0
-0
0
0
-0
0
0
-0
-0
0
-0
-0
0
-0
-0
-0
-0
0
0
-0
0
0
0
-0
-0
0
0
-0
-0
0
-0
0
0
0
0
0
0
-0
0
0
0
0
-0
-0
0
-0
-0
-0
-0
-0
-0
-0
-0
-0
0.000223022
-8.63637e-05
0
0.000163447
-3.04196e-05
-0
-0.00011836
0.000104051
0.000176755
-1.43094e-05
5.8395e-05
8.03362e-05
0.000198696
0.000184387
0
0
-0
0
-0
0
-0
-0
-0
0
-0
0
0
0
-0
0
-0
-0
-0
0
0
-0
0
0
0
0
0
-0
0
0
-0
-0
0
-0
-0
-0
0
0
0
0
-0
0
0
-0
-0
0
0
-0
-0
0
-0
0
-0
0
0
-0
0
0.000157166
-5.36807e-05
0.000103485
0.000135781
0.000150992
-3.19938e-05
-0.000111253
7.98424e-05
-1.34983e-05
-9.33407e-05
9.73237e-05
0.000190664
5.65221e-05
0
0
-0
-0
0
-0
-0
-0
-0
-0
-0
-0
0
-0
-0
0
0
-0
-0
-0
-0.000171745
2.00977e-05
-0.000187177
-0.000191842
4.66544e-06
-0.000139434
-3.288e-06
-0.000185229
0.000181941
-0
-0
0
0
0
-0
-0
-0
-0.000209882
-9.10705e-05
-0.000118811
-0.000113363
5.44786e-06
-9.34644e-05
7.09823e-05
-4.78288e-05
6.47988e-05
-0.00018361
5.85185e-06
9.7311e-05
0.000103163
0.000224602
-0.000209602
1.5e-05
0.000219154
-0.000204154
0
-0
0
-0
-0
-0
-2.62717e-05
-0.000132548
0
0
-0
-0
-0
-0
-0
-0
0
0
-0
-0
0
0
0
0
-0
-0
-0
0
-0
-0
0
-0
-0
-0
-0
0
0
0
-0
0
0
-0
-0
0
-0
0
0
0
-0
-0
-0
-0
-0
-0
0
-0
0
-0
0
-0
-0
0
0
0
-0
0
-0
0
-0
0
0
-0
0
0
0
0
0
-0
-0
0
-7.21481e-05
-0
0
-0.000115439
-0.00012099
6.01994e-05
-0
-6.07905e-05
0
0
0
0
-0
-0.000170526
-7.19375e-05
-0
-0
0
0
0
0
-7.06633e-06
-8.10909e-05
7.40246e-05
-0
-0
0
0
0
0
0
0
0
-0
-0
0
-0.000157172
0
0
0
0
-0
-0
-0
0
-0
0
-0
-0
0
-0
0
-0
0
-0
0
0
0
-0
-0
-0
-0
0
-0
-0
-0
1.27493e-05
-5.01536e-05
-2.37535e-05
9.31853e-05
-0.000143339
-0.000119585
0
-0
0
-0
0
0
-0
-0
-0
-0
0
0
-0
-0
-0
0
-0
-0
0
-0
0
0
-0
0
0
0
0
0
-0
0
0
0
-0
0
-0
-0
0
-0
0
0
0
-0
-0
0
0
0
0
-0
0
0
0
0
0
0
0
0
0
-0
0
0
0
0
0
0
0
-0
0
-6.97369e-05
-9.38836e-05
-0.000143386
-2.58442e-05
3.77448e-05
-0.00016923
-0.00018113
1.19006e-05
-0.000122081
0
-0
-0.000106747
3.81091e-06
-8.22206e-05
0.000102193
-7.89379e-05
0.000184413
3.28267e-06
0
0
-0
-0
-0
-0
0
0
0
-0
-0
0
0
-0
0
0
0
-0
-0
-0
0
0
-0
0
-0
0
-0
0
-0
0
-0
-0
0
0
-0
0
0
0
-0
-0
9.68038e-05
7.47721e-05
-0
2.20317e-05
0.000140762
0.00011873
-0
-0
0
-0
0
-0
-0
0
-7.22427e-05
0.000169554
-5.0211e-05
-0.000147522
0.000137416
-3.4644e-05
-2.87922e-05
0.000175406
-7.58681e-05
2.56572e-05
-7.16539e-05
0
0.000209783
-7.07801e-05
0
0.000139002
-0
-0
-0
-0
-0
0
-0
-0
0
-0
0
-0
-0
0
0
-0
0
0
-0
0
0
0
0
0
-0
0
-0.000151895
-0.00018964
-1.27015e-05
-0.000185816
-0.000119857
0
0
0
-0
0
-0
-0
-0
0
-0
-0
0
0
0
-0
-0
0
-0
-0
0
-0
-0
-0
0
5.98591e-05
0.000148471
0
0
-0
-0
-0
0
-4.81457e-05
2.21232e-05
-7.02689e-05
-0.000121084
-0.000191353
0
0
-0
0
0
-0
-0
0
-8.2158e-05
-0
0
0
-0
0
0
0
-0
-0
-0
0
0
0
-0
0
-0
-0
-0
-0
-0
-0
-0
-0
-0
0
0
0
-0
0
4.32156e-05
-0
-0
0
-0
-0
-0
-0
0
0
0
0
0
-0
-0
-0
-0
0
0
0
-0
0
0
-0
0
-0
-0
-0
-0
0
-0
-0
-0
0
0
-0
-0
0
0
-0
-0
0
-0
0
0
-0
-0
0
0
0
0
-0.000146897
-0
0
-0.000195015
0.000147446
0.000150475
0.000102784
-2.01021e-05
0.000149653
-0.000169756
0
0.000114921
-0.000226518
-6.06909e-06
0.000220448
0
-0
0
-0
-0
-0.000197985
6.57977e-05
7.86304e-05
-0.000132187
-0.000119354
-1.28327e-05
-0
0
-0
-0
0
0
-0
0
0
0
-0
0
-0.000216258
2.07801e-05
0.000109624
-0
-0
0
-0
-0
0
-0
0
0
0
-0
0
-0
-0
-0
-0
-0
-0.000164597
-9.8799e-05
0
-0
-0
-0
-0
0
-0
-0
0
0
0
-0
0
0
-0
0
-0
0
-0
-0
0
0
0
0
0
0
0
0
-0
0
-0
0
-0
0
0
0
-0
-0
0
-0
0
-0
-0
0
-0
-0
-0
-0
-0.000162302
2.65317e-05
-0.000111074
-0.000188834
5.12276e-05
-0.000137606
0
0
0
-0
0
-8.65268e-05
-0.000182284
-0
0
0
-2.6888e-05
-3.23358e-05
-0.000164884
0.000206567
-0.000198308
-0
-0
-1.06011e-05
-0.000120225
0.000154283
4.46593e-05
0
0
-0
0
-0
-0
0
-0
-0
-0
-0
0
-0
0
-0
-0
0
0
-0
-0
0
-0
0
-0
0
0
0
0
-0
0
0
0
0
-0
-0
0
-0.000113369
3.95723e-05
3.62843e-05
0.000152941
0
0
0
0
0
0
0
0
-0
-0
-0
0
0
-0
-0.000156496
-0.000179492
-0.000113694
0
-0.000178671
-0
-0
0
-0
0
-0
-0.000125628
-0
1.93133e-05
-0
-0
-0.000218727
0.000107653
-0.000205895
0
-0
-0
-0
-0
0
0
0
0
0
-0
-0
-0
0
-0
-0
-0
0
0
0
-0
-0
-0
0
0
0
-0
-0
0
-0
0
-0
-0
0
0
0
0
0
-0
0
-0
0
0
-0
0
0
-0
0
0
0
0
-0
-7.95375e-05
-0
0.000109296
-0
-0
0
0
-0
-0
-0
0
-0
0
-0
0
0
-0
-0
-0
-0
0
-0
-0
0
-0
-0
-0
-0
-0
-0
-0
-0
-0.000128661
-1.93652e-05
-5.3623e-05
-0
0
0
-0
-0
-0
0
0
-0
0
0
-0
-0
0
0
0
0
0
0
-0
0
0
0
0
-0
0
0
-0
0
0
0
0
0
0
0
-0
-0
0
0
0
0
-0
0
0
0
0
-0
-0
0
-0
-0
0
0
0
0
0
0
-0
-0.000258545
-0
0
-0
0
0
-0
-0
-0
-0
-0
-0
-0
-0
-0
-0
-0
0
-0
0
-0
-0
-0
-0
0
-0
0
0
0
0
-0
8.90687e-05
0
0
-0
0
0
0
0.000133937
1.68051e-05
8.53939e-05
3.61577e-05
3.82408e-06
-1.65256e-05
-8.27673e-06
-0
0
-0
0.000103257
0.000174239
5.54282e-05
-0
0
-0
0
-0
-0
0
0
-0
0
0
0
0
0
0
0
0
0
0
0
0
0
-0
0
0
0
-0
-0
-0
-0
-0
-0
-0
-0
0
0
0
-0
0
0
-0
0
0
0
-0
0
0
-0
-0
0
0
0
0
-0
0
0
-0
0
-0
-0
-0
0
0
-0
0
-0
-0
0
0
0
-0
0
0
-0
-0
0
0
0
0
0
-0
0
-0
-0
-0
0
0
0
-0
0
0
-0
-0
-0
0
-0
-0
0
0
-0
0
-0
-0
-0
0
0
0
0
-0
-0
0
0
-0
-0
-0
-0
-0
0
0
-0
0
0
9.99467e-05
-0
0
0
0
1.53249e-05
-0
-0
-0
-0
-0
-0
-0
0
0
-0
0
-0
-0
0
-0
0
0
-0
-0
-0
0
-0
0
0
-0.000109903
-0.000225287
0.000101754
-4.4448e-05
-0
0
0
-0
-0
0
-0.000220662
-0.000122073
0
0
0
0
0
0
0
0
-0
-0
-0
-0
-0
-0
-0
0.000109353
-0.000164542
0.000116419
-5.51899e-05
-0.000171609
-0.000163825
0
0
-0
0
0
-0
-0
0
0
0
-0.000160399
6.48886e-05
-4.50145e-05
0
0
0
-0.00014249
-0
7.43838e-05
0
0
0
0
0
0
0
-0
0
0
-0
-9.02919e-05
-0
-0
0
0
-0
0
0
-0
0
0
-0
-0
0
0
-0
-0
0
0
-0
0
-0
-0
-0
-0
0
-0
0
-0
0
-0
0
-0
0
-0
0
-0
0
0
0
0
0
-0
0
0
0
0
-0.000201677
0
0
0
-0
0
0
-0
-0
-0
0
0.000136596
4.16538e-06
3.88094e-05
0.000105791
-0
0
0
0
-0
0
0
-0
0
-0
0
0
0
0
-0
0
0
-0
-0
-0
0
-0
-0
0.000175215
-0
-5.00718e-05
-0
0.000110327
0
0
0
-0
0
0
0
0
-0
0
0
0
-0
0
0
-0
0
-0
0
0
0
-0
-0
0
-0
-0
-0
0
-0
-0
0
-0
-0
-0
0
0
-0
0
0
-0
-0
0
0
0
-0
0
-0
0
0
0
0
0
0
0
0
-0
0
0
0
0
0
-0
0
-0
-0
-0
-0
-0
-0
0
0
0
0
-0
-0
0
-0
0
0
-0
-0
-0
-0
-0
-0
0
0
-0
-0
-0
-0
0
0
0
-0
0
0
0
-0
0
0
0
-0
0
-0
-0
-0
0
-0
-0
-0
0
0
-0
0
-0
-0
-0
-0
0
-6.10508e-05
-0
-0
0
0
0
0
-0
0
-0
-0
0
-0
0
0
-0
0
-0
-0
-0
-0
-0
0
-0
0
0
-0
-0
-0
-0
0
0
0
0
0
-0
0
0
0
-0
0
-0
0
0
0
-0
0
-0
-0.000128108
0.000192918
-0.00013749
-5.03628e-05
-8.69814e-05
0
-0.00013351
0
-0
-0
0
0
0
0.000238903
0.000134565
0
-0
-0.000177266
0
0
0
-0
-0
0
0
0
-0
-0
-0
-0
0
-0
-0
-0
-0
0
0
-0
0
0
-0
-0
-0
0
0
-0
0
0
0
-0
-0
-0
0
0
-0
-0
0
-0
0
-0
0
0
0
0
-0
6.54394e-05
4.82007e-05
-0
-0.000226481
1.24226e-05
-0.00014186
-0
-0
-0.000108559
-0.000168732
-0.000132584
0
0
-0
0
0
0
0.00023467
0
0
0
-0
-0
-0
0
-0
-0
0
0
-0
0
0
-0
0
0
0
-0
0
0
-0
-0
0
0
-0
0
-0
-0
-0
-0
-0
0
0
-0
0
0
0
0
0
0
0
-0
0
-0
0
0
-0
-0
0
-0
0
0
-0
-0
0
0
-0
0
0
-0
-0
-0
-0
0
0
0
0
0
-0
-0
-0
-0
-0
-0
0
0
-0.000139086
9.86017e-05
-3.53628e-05
-0
-0
0
-0
-0
-0
-0
-0
-0
0
0
-0
0
0
0
-0
0
-0
0
-0
0
0
-0
0
-0
0
-0
0
0
0
0
0
-0
-0
-0
0
-0
-0
8.82136e-05
0.000118633
0
0
0
0
-0
0
7.70869e-05
-0.000187567
-0.00013588
0.000191378
-6.8934e-05
7.27449e-05
0.000124661
3.82971e-05
-8.51219e-05
0.000123419
0
0
-0
-0
-0
-0
-0
-0
-0
0
0
0
0.000196076
0
-0
-0
-0
-0
-0
0
0
0
0
-0
-0
0
0
0
0
0
0
-0
-0
-0
0
0
0
0
-0
-0
0
0
-0
0
0
-0
-0
-0
-0
0
0
-0
-0
-0
-0
-0
0
-0
0
0
-0
-0
-0
0
0
0
0
0
-0
-0
0
0
-0
0
-0
0
-0
0
0
-0
0
-0
-0
0
0
-0
-0
0
0
0
0
-0
-0
0
-0
0
-0
0
0
0
0
-0
-0
0
0
-0
-0
-0
-0
-0
-0
0
0
-0
-0
-0
0.000154513
5.46394e-05
-8.36017e-05
-0
0
-0
-0
-0.000228819
-0.000135479
-0.000125335
0.000241707
0.000122978
9.41853e-05
0
0
0
0
-0
0
-0
0
-0
0
0
-0
0
-0
0
-0
-0
0
-0
-0
-0
0
-0
-0
-0
0
-0
-0
0
-0
-0
-0
-0
-0
-0
-0
-0
-0
-0
-0
-0
0
-0
-0
0
0
0
0
-0
-0
-0
-0
0
0
-0
-0
0
-0
0
0
0
-0
-0
-0
-0
-0
-0
0
0
-0
-0
-0
0
0
0
-0
0
-0
0
-0.000236214
-9.29204e-05
-0
0.000138764
0.000143294
0
0
-0
-0
-0
-0
-0
0
-0
0
0
-0
0
-0
0
-0
-0
0
-0
0
-0
-0
0
-0
0
0
-0
-0
-0
-0
-0
-0
-0
-0
-0
-0
0
-0.000126022
-0.00014709
-0.000164526
-0
-0
-0
-0
-0
-0
-0
0
0
0
0
0
-0
0
-0
0
0
-0
-0
0
0
-0
-0
-0
-0
0
-0
0
-0
-0
0
-0
-0
-0
5.26388e-05
0.000160251
2.12484e-05
-0
0
-0
0
-0
-9.86334e-05
0
-0
0
0
0
-0
-0
-0
0
-0
0
-0
0
-0
-0
0
0
-0
-0
-0
0
0
-0
0
-0
-0
0
0
-0
-0
0
0
0
-0
-0
5.80441e-05
0
-8.87741e-05
-2.39122e-05
-0.00013447
-3.13628e-06
3.11255e-05
-9.6444e-05
-0.000119449
-0
0
-0
0
0
-0
-0.000152199
0
-0.000105271
0
0
-0
-0
0
-0
-1.83123e-05
-0.000188812
-0.000133057
-0
-0
-0
0
0
-0
0
0
0
0
-0
0
0
0
0
0
0
0
0
-0
0
-0
0
0
0
0
0
0
0
0
0
0
-0
0
-0
-0
0
0
0
-0
0
-0
-0
0
0
-0
-0.0001053
-6.11786e-05
0
-0
0
-0
0
0
0
-0
-0
-0
0
0
-0
-0
-0
0
-0
-0
-0
-0
0
0
0
0
0
0
-0
0
0
-0
0
0
0
-0
-0
0
-0
0
0
-0
-0
0
-0
0
0
0
0
0
0
0
0
-0
0
0
-0
0
-0
0
0
-0
-0
-0
-0
-0
-0
0
0
0
0
0
-0
-0
0
-0
-0
-0
-0
-0
-0
-0
-0
-0
-0
3.48188e-05
0
0
-0
0
0
0
0
-0
-0
0
0
-0
0
0
-0
-0
-0
-0
-0
-0
-0
-0
-0
-0
0
0
-0
-0
-0
0
-0
0
-0
-0
-0
0
-0
-0
0
0
0
-0
0
-0
0
0
-0
0
0
-0
0
-0.000191253
2.21167e-05
-0
-0
0
-0
-0
-0
0
0
0
0
-0
0
0
-0
0
0
-0
0
-0
0
-0
0
0
-0
0
-0
0
-0
0
0
0
0
-0
-0
0
-0
0
0
-0
0
-0
0
0
-0
-0
0
0
0
0
-0
-0
0
-0
0
0
0
0
0
0
-0
-0
0
-0
-0.000142487
-0.000145775
0
0.000144114
9.60304e-05
-5.53981e-06
-0
-0
-0.000273649
9.1365e-05
-0.00016509
-7.37251e-05
-0
0
0
0
0
0
-0
0
-0
0
0
-0
0
-0
0
-0
0
0
-0
0
-0
0
0
-0
-0
0
-0
0
0
-0
-0
0
0
0
-0
0
-0
0
0
-0
0
0
0
-0
0
-0
-0
0
-0
0
0
-7.86991e-05
-0.000113541
-0.000179545
-6.29802e-05
4.08996e-05
-0.00010388
-5.13093e-06
-0.000123963
0
0
-0
0
-0
-0
0
-0
0
0
0
-0
-0
-0
0
0
0
-0
-0
0
0
-0
0
-0
-0
0
0
-0
0
-0
0
-0
-0
0
0
0
0
-0
0
-0
8.87854e-05
0
-0
-0
0
-0
-0
0
-0
0
-0
0
-0
0
-0
-0
-0
0
0
-0
0
0
0
-0
-0
0
0
-0
0
0
0
0
-0
-0
0
0
0
-0
-0
-0
-0
0
9.33501e-05
0
-0
-0
0
-0
-0
-0
-0
0
0
0
0
-0
0
-0
0
0
-0
0
0
0
0
-0
0
-0
-0
0
0
-0
-0
0
-0
-0
0
-0
-0
0
0
-0
0
0
0
0
0
0
0
-0
0
-0
-0
-0
-0
0
0
-0
0
-0
0
-0
-0
-0
-0
0
-0
-0
0
0
0
0
-0
-0
0
0
-0
-0
-0
-0
0
0
-0
0
0
-0
0
-0
-0
0
-0
-0
0
0
0
-0
0
-0
0
0
-0
-0
-0
-0
0
-0
-0
0
-0
-0
-2.19586e-05
-8.92943e-05
-4.61844e-05
-0
-0
0
-0
0
0
-0
-0
-0
0
0
-0
0
0
-0
-0
0
-0
0
-0
0
0
0
-0
0
-0
-0
0
-0
0
0
0
-0
0
0
-0
-0
0
0
-0
-0
-0
0
0
0
0
-0
0
-0
0
0
-0
-0
-0
0
0
0
0
-0
0
-0
0
-0
0
-0
-0
-0
0
0
0
0
-0
-0
-0
0
-0
0
0
-0
0
0
-0
-0
-0
-0
0
-0
0
-0
0
0
0
0
0
0
0
0
0
0
0
0
-0
0
-0
0
-0
-0
-0
0
-0
0
-0
-0
-0
0
0
0
-0
0
0
-0
0
-0
0
0
-0
0
0
-0
-0
-0
0
0
0
0
-0.000110137
0
0
-0
0
0
-0
0
-0
0
-0
0
-0
-0
-0
0
-0
-0
-0
-0
0
0
-0
-0
0
0
-0
0
0
0
-0
-0
0
4.73618e-05
0
-0
-0
-0
0
0
0
0
0
-0
0
-0
0
0
0
0
-0
0
-0
-0
-0
0
-0
0
0
0
0
-0
-0
-0
0
-0
0
-0
0
-0
-0
0
-0
-0
-0
-0
6.79592e-05
0.000153081
-0
-0
0
-0
0
0
-0
-0
-0
0
-0
0
-0
0
-0
-0
-0
0
-0
-0
-0
0
-0
0
-0
0
-0
0
0
0
-0
-0
0
0
0
0
0
-0
-0
0
0
0
-0
-0
0
0
-0
-0
-0
0
-0
-0
0
-0
-0
-0
0
-0
-0
-0
-0
0
0
0
0
0
-0
-0
0
-0
0
-0
0
0
-0
-0
0
0
-0
-0
-0.000116105
0
-0.000186885
-0
-0
0
-0
-0
0
-0
-0
-0
-0
0
0
0
0
-0
0
0
-0
0
0
-0
-0
0
0
0
0
0
0
-0
-0
-0
0
0
0
-0
0
-0
0
0
-0
-0
0
0
-0
-0
-0
0
-0
0
0
0
0
-0
0
0
0
-0
-0
-0
0
0
0
-0
-0
0
-0
-0
0
-0
0
0
-0
0
-0
-0
0
-0
-0
-0
-0
0
0
-0
-0
-0
0
0
-0
-0
0
-0
0
0
-0
0
-0
-0
0
-0
-0
0
0
0
0
0
0
-0
0
-0
-0
-0
0
-0
0
0
0
0
0
-0
0
0
0
0
0
0
-0
-0
0
0
0
0
0
0
-0
-0
-0
-0
0
-0
-0
0
0
0
-0
-0
0
0
-0
-0
0
0
-0
-0.000189854
0
0
-0
-0
-0
-0
-0
-0
-0
-0
-0
-0
0
0
0
-0
-0
0
-0
-0
-0
-0
-0
-0
0
0
-0
-0
0
-0
-0
-6.4637e-05
-0.000134906
-0.000111152
0
0
-0
0
0
-0
0
0
0
-0
0
-0
0
0
-0
0
-0
0
0
-0
-0
0
-0
0
0
0
-0
-0
0
-0
-0
-0
-0
5.19792e-05
-0.000116616
-0
-0
0
0
0
-0
-0
-0
0
0
-0
0
-0
0
0
-0
0
0
-0
0
-0
0
0
0
0
0
0
-0
-0
0
0
0
0
-0
0
0
0
-0
-0
-0
-0
-0
-0
-0
0
0
0
-0
-0
-0
-0
0
-0
-0
-0
0
-0
-0
0
0
0
-0
-0
0
0
-0
-0
0
-0
0
-0
-0
-0
0
-0
-0
0
0
0
0
-0
0
-0
-0
-0
0
-0
-0
0
0
0
-0
-0
-0
0
-0
0
-0
-0
-0
-0
-0.000151331
7.05948e-05
0
-0.000221926
-6.51362e-05
0.000156789
0
-0
4.90722e-05
-0
-0
0
-0
-0
-0
0
-0
0
0
-0
-0
-0
0
-0
0
0
0
0
0
0
-0
0
0
0
-0
-0
-0
0
-0
0
-0
0
0
-0
-0
-0
-0
0
-0
-0
0
0
0
-0
-0
0
-0
0
-0
-0
0
-0
0
0
0
-0
-0
-0
0
0
0
0
0
-0
0
0
-0
-0
-0
0
-0
0
-0
-0
-0
-0
-0
0
0
-0
0
0
-0
-0
0
0
-0
0
-0
0
-0
0
-0
0
0
0
0
-0
0
0
0
0
-0
0
-0
-0
0
0
0
0
-0
-0
0
0
-0
0
-0
-0
-0
-0
-0
-0
0
-0
-0.000138739
0
-0
-0
0
0
-0
-0
0
0
-0
0
0
-0
0
-0
-0
-0
0
-0
-0
-0
-0
0
0
0
-0
0
0
-0
-0
-0
-0
0
0
-0
0
0
-0
-0
0
0
0
-0
0
0
0.00021223
0
0
-0
0
0
-0
0
-0
0
-0
0
-0
0
0
0
0
-0
-0
0
0
0
0
-0
-0
-0
0
-0
-0
0.000154011
0.000185841
-6.94622e-05
0.000204169
0.000138371
0
-0
0
0
-0
-0
0
0
-0
-0
-0
-0
0
0
-0
-0
0
-0
0
-0
-0
0
0
-0
0
0
0
-0
-0
-0
-0
0
0
-0
-0
-0
0
-0
-0
0
-0
-0
-0
-0
0
0
0
0
0.000138999
6.30939e-05
-7.59049e-05
-0
0
-0
-0
-0
-0
-0
0
-0
-0
-0
0
-0
-0
0
-0
-0
-0
0
0
-0
-0
0
0
-0
-0
-0
0
0
-0
0
0
-0
-0
0
-0
0
-0
0
-0
-0
-0
-0
-0
0
0
-0
0
0
0
-0
-0
0
0
-0
-0
0
-0
-0
0
-0
-0
-0
0
0
0
0
-0
-0
0
0
-0
0
-0
-0
0
-0
0
0
0
-0
0
0
-0
-0
-0
-0
-0
-0
-0
0
-0
-0
-0
-0
-0
0
-0
-0
0
-0
0
-0
-0
0
-0
0
0
-0
-0
0
0
0
-0
-0
0
-0
-0
0
-0
0
-0
-0
0
0
0
0
0
-0
-0
-0
-0
0
0
-0
0
-0
0
-0
0
0
-0
-0
0
0
-0
0
0
0
0
0
0
0
-0
0
0
0
0
0
-0
-0
0
-0
0
-0
0
-0
0
0
-0
0
0
0
-0
0
0
-0
0
-0
-0
-0
-0
-0
0
-0
0
-0
0
0
-0
-0
0
-0
0
0
0
-0
-0
0
0
0
-0
0
0
-0
-0
0
0
0
-0
-0
0
-0
0
-0
-0
-0
-0
0
-0
0
0
-0
-0
0
-0
0
0
-0
0
0
-0
0
0
0
0
-0
0
0
0
-0
-6.17628e-06
0
0
-0.000187123
-0
-1.51084e-06
-0
-0
0
-0
0
0
-0
-0
-0
0
0
0
0
-0
-0
-0
0
-0
0
-0
-0
-0
-0
0
-0
0
-0
-0
-0
-0
0
0
-0
0
-0
-0
0
0
0
-0
-0
0
0
0
-0
0
0
-0
0
-0
0
0
0
-0
-0
-8.3726e-05
5.06047e-05
-0
-0
0
0
0
0
3.21618e-05
1.84429e-05
0
-0
-0.000123738
0
-0
-8.00937e-05
0
-0
0
0
-0
-0.000134176
0
0
0
-0
-0
0
0
0
-0
0
-0
0
-0
0
0
-0
-0
0
-0
0
-0
0
-0
-0
0
-0
0
-0
0
-0
-0
-0
0
0
0
0
0
0
0
0
0
-0
-0
0
0
0
-0
-0
0
0
0
-0
0
0
0
0
0
0
-0
-0
-0
-0
0
-0
-0
-0
0
-0
0
-0
-0
-0
0
0
0
0
-0
0
-0
-0
0
-0
0
0
0
0
-0
-0
0
0
0
-0
-0
0
-0
-0
-0
-0
-0
-0
-0
-0
-0
0
0
-0
0
0
0
-0
-0
0
-0
-0
0
-0
-0
-0
-0
0
-0
0
0
-0
0
0
0
0
-0
0
-0
-0
-0
-0
0
-0
-0
0
0
0
0
-0
0
0
0
0
-0
-0
0
0
0
0
-0
0
-0
0
-0
-0
0
0
0
0
-0
-0
0
0
0
-0
-0
0
-0
0
-0
0
-0
-0
0
-0
0
0
-0
-0
-0
0
0
-0
-0
-0
0
0
-0
-0
-0
0
0
0
-0
-0
-0
0
-0
0
0
-0
0
-0
-0
-0
-0
-0
0
0
0
0
-0
0
0
-0
-0
-0
-0
-0
-0
-0
-0
-0
-0
0
-0
-0
-0
-0
-0
-0
-0
-0
-0
0
0
0
-0
-0
-0
0
0
0
0
0
-0
0
0
0
-0
-0
-0
0
0
-0
0
0
-0
0
0
0
-0
0
0
0
-0
-0
0
-0
0
0
0
0
-0
0
-0
-0
0
0
0
0
0
0
0
-0
-0
-0
0
-0
-0
0
0
0
-0
0
0
-0
0
-0
-0
-0
-0
0
0
-0
-0
-0
-0
0
0
0
0
-0
0
-0
-0
-0
0
-0
-0
-0
0
0
0
-0
-0
-0
-0
-0
-0
0
-0
0
0
0
0
-0
0
-0
0
-0
0
-0
0
0
0
0
-0
0
0
0
-0
-0
0
-0
0
-0
0
0
-0
-0
0
-0
-0
0
0
0
0
-0
-0
-0
0
-0
-0
-0
-0
-0
0
-0
-0
0
0
-0
-0
0
0
0
0
-0
0
0
0
0
0
0
-0
-0
-0
-0
0
0
0
-0
-0
0
0
0
-0
0
0
0
0
-0
0
-0
0
-0
-0
0
-0
0
0
0
0
-0
-0
-0
0
-0
0
-0
-0
-0
0
-0
0
-0
0
-0
-0
0
0
0
-0
0
0
-0
-0
-0
-0
0
-0
0
0
0
-0
-0
0
0
-0
-0
0
-0
0
0
-0
-0
0
0
0
0
-0
-0
-0
0
0
0
0
-0
-0
0
-0
-0
-0
-0
-0
-0
0
0
0
-0
0
0
-0
-0
-0
-0
0
-0
-0
0
0
-0
0
0
0
0
-0
0
-0
-0
0
0
-0
-0
-0
-0
0
-0
-0
-0
0
-0
0
-0
-0
0
-0
-0
0
0
0
0
0
-0
0
-0
0
0
-0
0
0
0
-0
-0
-0
0
-0
0
-0
0
-0
0
0
0
0
0
-0
0
-0
0
-0
-0
-0
-0
-0
0
-0
-0
0
0
-0
0
0
-0
0
0
-0
-0
-0
-0
-0
-0
0
0
0
-0
0
0
-0
0
0
0
0
0
0
0
-0
-0
0
-0
0
0
-0
0
0
0
0
0
-0
0
-0
-0
-0
-0
-0
-0
0
0
0
0
0
0
-0
0
0
0
0
-0
0
-0
0
-0
0
0
0
0
0
0
0
0
0
-0
-0
-0
-0
-0
-0
-0
0
0
-0
-0
-0
0
-0
-0
-0
-0
-0
-0
0
0
0
-0
0
-0
0
0
-0
0
-0
-0
0
0
0
0
-0
-0
0
0
0
-0
-0
-0
-0
-0
-0
0
-0
0
0
0
0
-0
0
-0
-0
0
0
-0
0
-0
-0
0
-0
-0
0
0
0
0
0
-0
0
-0
0
-0
0
0
0
0
-0
0
-0
-0
-0
-0
-0
-0
-0
0
-0
-0
0
-0
-0
-0
0
-0
-0
0
0
-0
-0
-0
0
0
-0
-0
-0
0
-0
0
-0
0
0
-0
0
0
-0
-0
0
-0
0
-0
0
0
-0
0
-0
-0
-0
0
-0
-0
0
0
0
0
-0
-0
-0
0
-0
-0
-0
0
-0
0
-0
-0
-0
-0
-0
0
0
-0
0
-0
-0
-0
-0
-0
0
-0
-0
-0
-0
-0
-0
0
0
-0
-0
0
0
-0
-0
-0
0
0
-0
-0
-0
-0
0
0
0
0
-0
0
-0
-0
-0
0
-0
0
0
-0
-0
-0
-0
-0
-0
0
0
-0
-0
0
0
-0
0
0
-0
-0
-0
0
-0
0
0
-0
0
-0
0
0
0
0
-0
0
0
-0
0
-0
0
0
-0
-0
-0
-0
0
0
-0
-0
-0
-0
0
-0
0
0.000115073
-0
-0
-0
0
0
-0
-0
-0
0
-0
-0
-0
0
0
-0
-0
-0
0
0
0
0
-0
-0
-0
0
-0
0
-0
0
-0
0
-0
-1.53685e-05
-0
0
-0
0
0
-0
-0
-0
0
-0
-0
-0
0
-0
0
-0
0
0
-0
0
0
0
0
0
0
-0
0
0
-0
0
0
0
-0
-0
-0
-0
-0
-0
-0
-0
-0
0
0
-0
-0
-0
-0
-0
0
0
-0
0
-0
0
0
-0
0
0
0
0
0
0
-0
-0
-0
-0
-0
0
0
0
0
-0
0
-0
0
0
-0
0
0
-0
0
0
-0
-0
0
0
0
0
0
0
-0
-0
0
0
0
-0
-0
-0
0
0
-0
0
0
0
-0
-0
0
-0
-0
-0
-0
0
0
0
0
-0
-0
0
0
-0
0
0
-0
0
-0
-0
0
-0
-0
0
-0
0
0
-0
0
0
-0
-0
0
0
0
-0
-0
0
-0
0
0
0
-0
-0
0
-0
0
-0
0
-0
-0
-0
-0
-0
-0
-0
-0
-0
-0
-0
-0
-0
0
-0
0
0
0
-0
-0
0
0
-0
0
0
-0
-0
-0
-0
-0
-0
-0
-0
-0
-0
0
0
-0
0
0
-0
0
0
-0
0
-0
0
-0
0
0
-0
0
0
0
0
0
0
0
0
-0
-0
-0
0
-0
-0
0
0
0
0
0
-0
-0
-0
0
-0
0
0
0
-0
0
-0
0
0
0
0
-0
-0
0
0
-0
-0
0
0
-0
0
-0
-0
0
-0
0
-0
-0
0
-0
0
0
0
0
0
-0
0
0
-0
0
0
-0
-0
0
0
0
0
0
0
0
-0
-7.56654e-05
-0
1.12092e-05
-0
0
-0
0
0
0
0
-0
-0
-0
0
-0
-0
-0
0
-0
0
-0
0
0
0
0
0
-0
-0
0
0
-0
-0
0
0
-0
0
-0
-0
-0
-0
-0
0
0
-0
-0
-0
-0
-0
-0
-0
0
-0
0
0
-0
0
0
-0
0
-0
-0
-0
0
-0
-0
-8.35715e-05
0
-0
-0
-0
0
-0
-0
0
0
-0
0
0
0
-0
-0
0
0
-0
0
-0
0
0
-0
0
-0
-0
0
-0
-0
-0
-0
0
0
-0
0
0
0
0
-0
-0
0
0
0
-0
0
0
-0
0
-0
-0
0
-0
0
-0
0
-0
-0
0
0
-0
-0
-0
-0
-0
0
-0
-0
-0
0
-0
-0
-0
-0
0
0
0
-0
0
0
-0
0
0
-0
-0
-0
-0
0
0
-0
0
0
-0
-0
0
0
-0
0
0
0
0
-0
-0
0
-0
-0
-0
-0
0
-0
-0
0
-0
-0
0
-0
-0
-0
0
0
0
-0
-0
0
-0
0
0
-0
-0
-0
0
0
-0
0
-0
-0
0
0
0
0
0
-0
0.000150262
0
3.53414e-05
-0
-0
0
0
-0
0
-0
-0
-0.000196513
0
-0
0
0
-0
0
0
0
-0
0
0
-0
-0
0
-0
0
0
0
-0
-0
0
0
0
-0
-0
-0
0
9.7157e-05
2.12521e-05
-0
-0
-0
0
-0
-0
0
0
-0
-0
0
-0
0
-0
-0
0
-0
-0
-0
0
0
-0
0
0
-0
0
0
-0
-0
-0
0
-0
-0
0
-0
-0
0
0
-0
-0
-0
0
-0
0
-0
0
-0
0
-0
-0
0
0
0
-0
-0
-0
0
0
0
-0
0
-0
0
0.000185666
-0
0
-0
0
-0
0
-0
0
0
0
-0
-0
-0
0
0
0
0
-0
-0
0
-0
0
0
-0
0
-0
0
0
0
0
-0
0
-0
0
-0
0
-0
-0
0
0
0
0
-0
-0
0
0
-0
0
0
0
0
-0
0
0
-0
-0
0
-0
-0
-0
-6.46765e-05
-0.000149798
0
0
0
0
-0
-0
0
0
-0
0
0
0
-0
-0
0
-0
-0
0
-0
-0
-0
-0
-0
0
0
0
-0
0
-0
-0
0
0
-0
-0
-0
0
0
-0
-0
0
-0
0
-0
-0
-0
0
0
0
-0
-0
0
-0
0
0
0
0
0
-0
-0
-0
0
-0
-0
-0
0
0
0
0
0
0
-0
-0
0
0
0
-0
-0
0
0
-0
-0
0
-0
-0
0
0
-0
0
0
0
-0
0
0
-0
0
0
-0
0
0
0
-0
-0
0
0
0
0
0
-0
-0
-0
0
-0
-0
-0
0
-0
0
0
0
0
0
0
-0
0
-0
-0
-0
0
-0
-0
0
-0
0
0
0
-0
-0
0
0
-0
-0
0
0
0
0
-0
-0
0
-0
0
0
0
-0
-0
-0
0
-0
-0
-0
0
0
0
0
0
-0
0
0
0
0
-0
-0
-0
0
0
-0
-0
-0
0
-0
0
0
0
0
-0
0
-0
-0
0
-0
0
-0
-0
-0
-0
0
-0
-0
8.62864e-06
0.000126989
-0
0
-0
-0
-0
0
-0
0
0
-0
0
-0
-0
-0
0
0
-0
-0.000118244
0
0.000121616
0.000215876
0
0
-0
0
0
-8.21621e-05
-6.0325e-05
9.98973e-05
-0
0
-0
0
0
0
-0
-0
0
-0
0
0
0
-0
0
-0
-0
-0
0
0
-0
0
0
0
-0
-0
-0
0
0
-0
0
0
-0
0
-0
0
-0
-0
0
-0
-0
0
0
0
0
-0
0
0
0
-0
0
-0
-0
-0
0
-0
-0
0
0
-0
-0
-0
0
-0
-0
-0
-0
-0
-0
-0
0
-0
0
-0
-0
0
0
-0
0
-0
0
0
0
0
0
-0
-0
0
0
0
0
0
-0
0
0
-0
-0
-0
-0
0
-0
-0
0
-0
-0
-0
0
0
0
-0
-0
-0
-0.000123011
0
0
-0.000118736
4.74551e-05
0
0.000184076
-0
6.53407e-05
0
-0.000188474
4.13185e-06
-0
0.000192606
0.000108208
-0.00017115
-8.67528e-05
-0
-0
0
-0
-0
-0
0
0
0
0
-7.27743e-05
-0
0
0
-0
0
-0
-0
0
0
-0
-0
-0
0
-0
-0
-0
0
4.00123e-05
-0
-0
-0
0
-0
0
-0
0
-0
0
0
0
0
-0
-0
0
0
-0
0
-0
-0
-0
-0
0
0
-0
-0
-0
-0
0
0
-0
0
0
0
-0
-0
0
0
-0
0
0
0.000230381
0
-0
0
0
0
0
-0
-0
-0
0
-0
-0
0
-0
-0
0
-0.000229201
-0
-0
-0
0
-0
-0
0
-0
0
-0
-0
-0
0
0
0
-0
-0
0
0
-0
-0
-0
-0
-0
0
0
0
0
0
-0
0
-0
0
0
-0
0
0
-0
0
0
-0
0
0
0
-0
0
-0
0
0
0
0
-0
0
0
-0
0
-0
-0
0
-0
0
0
0
0
0
-0
0
-0
0
-0
-0
0
0
-0
-0
0
0
0
-0
-0
0
-0
0
0
0
-0
0
0
0
-0
-0
-0
-0
-0
-0
-0
-0
-0
-0
0
-0
-0
-0
0
0
0
-0
0
0
-0
-0
-0
0
-0
0
0
-0
0
0
-0
0
0
0
-0
-0
0
-0
-0.000165509
-0
0
0
0
0
-0
0
-0
0
0
-0
0
0
0
0
-0
-0
0
0
-0
-0
0
-0
0
0
-0
-0
-0
-0
0
0
0
0
-0
0
0
0
0
-0
-0
-0
-0
-0
0
0
-0
-0
0
0
-0
0
0
0
0
0
0
0
-0
0
0
-0
-0
-0
-0
0
-0
0
-0
0
-0
-0
-0
-0
-0
0
0
-0
-0
0
-8.83969e-05
0
0
0
0
-0
-0
0
-0
0
0
0.000166901
0.000255547
0
-0
0
0
0
-0
0
0
-0
-0
-0
0
0
-0
-0
0
0
-0
-0
-0
-0
-0
-0
0
0
-0
0
-0
0
0
0
0
0
0
0
0
0
0
-0
0
0
-0
0
0
0
0
0
-0
0
-0
-0
-0
0
-0
-0
-0
-0
0
-0
-0
-0
0
-0
-0
-0
-0
0
0
-0
0
0
0
0
-0
-0
-0
0
-0
0
0
-0
-0
0
0
-0
-0
-0
-0
0
-0
0
-0
0
-0
0
-0
-0
-0
-0
-0
0
0
-0
0
0
0
0
0
-0
0
-0
-0
-0
0
-0
-0.000170932
0
-0
-0
-0
-0
0
-0
-0
-0
0
-0
-0
-0
-0
-0
0
-0
0
-0
-0
-0
-0
-0
0
-0
0
0
0
0
-0
0
0
-0
-0
-0
-0
-0
-0
-0
0
-0
0
0
0
-0
-0
-0
-0
0
-0
-0
0
0
-0
0
-0
-0
0
-0
-0
-0
0
0
-0
0
0
0
0
0
-0
0
-0
0
0
0
0
0
0
-0
-0
0
0
0
0
-0
0
0
0
-0
-0
-0
0
0
0
0
0
0
0
-0
-0
0
-0
0
-0
0
-0
0
0
0
0
-0
-0
-0
-0
-0
-0
0
0
-0
0
0
0
-0
0
0
-0
0
-0
-0
-0
0
0
-0
0
-0
-0
-0
0
0
0
-0
-0
-0
-0
-0
0
0
0
-0
0
0
-0
-0
0
0
-0
-0
0
0
0
-0
0
0
-0
-0
0
-0
0
0
0
-0
0
-0
0
-0
0
0
0
-0
0
0
0
0
-0
0
-0
-0
0
-0
0
0
-0
-0
0
0
-0
0
-0
0
-0
-0
0
-0
0
0
0
-0
-0
-0
-0
0
0
0
-0
0
0
-0
0
-0
-0
-0
-0
-0
0
0
0
-0
-0
0
-0
-0
0
0
0
-0
0
-0
-0
0
-0
0
-0
0
0
-0
0
-0
0
0
0
-0
-0
-0
0
-0
-0
-0
-0
-0
0
-0
-0
-0
0
0
0
-0
-0
0
-0
-0
0
-0
0
-0
0
-0
-0
0
-0
-0
-0
0
-0
0
-0
-0
0
-0
0
-0
0
-0
0
-0
0
0
-0
0
0
-0
0
-0
-0
-0
-0
0
0
0
-0
0
0
-0
0
0
-0
0
0
0
0
-0
0
-0
-0
-0
-0
-0
0
0
-0
0
-0
0
-0
0
-0
0
-0
0
0
0
-0
-0
0
0
-0
0
0
0
-0
0
0
0
0
-0
-0
0
-0
0
0
-0
-0
0
0
0
0
-0
0
0
-0
-0
-0
0
-0
-0
-0
0
0
0
-0
0
0
0
-0
-0
-0
0
-0
0
0
-0
-0
-0
-0
-0
0
0
-0
-0
0
-0
0
-0
-0
-0
-0
-0
-0
-0
-0
0
0
-0
-0
-0
0
0
0
-0
0
-0
0
0
-0
-0
-0
-0
0
-0
-0
-0
-0
-0
0
0
-0
0
0
0
0
-0
-0
0
-0
-0
0
0
-0
0
-0
0
0
-0
0
0
0
-0
-0
0
-0
-0
0
-0
-0
-0
0
-0
-0
0
0
-0
-0
-0
-0
0
0
0
-0
-0
-0
-0
-0
-0
0
0
-0
0
-0
-0
-0
-0
-0
0
0
0
0
0
-0
0
0
0
-0
-0
-0
-0
-0
0
-0
-0
0
0
-0
0
-0
0
-0
-0
0
-0
-0
-0
-0
0
0
0
0
0
0
-0
0
-0
0
0
-0
0
0
0
0
0
0
0
0
0
-0
-0
0
0
0
-0
-0
-0
-5.2344e-05
0.000107612
-0
-0
-0
0
-0
0
-0
0
0
-0
0
-0
0
-0
-0
0
-0
0
0
0
-0
0
0
0
0
0
0
-0
0
-0
0
-0
-0
0
-0
-0
-0
0
0
-0
-0
0
-0
0
0
0
-0
-0
0
0
0
-0
0
0
0
-0
-0
0
-0
0
0
0
-0
0
-0
0
0
-0
-0
-0
0
0
-0
-0
-0
-0
0
0
-0
0
-0
-0
0
-0
-0
-0
-0
0
0
-0
0
0
0
-0
-0
-0
-0
-0
0
0
0
-0
-0
0
0
0
0
0
-0
-0
0
0
0
0
0
-0
0
-0
-0
0
0
-0
-0
-0
0
-0
-0
-0
0
-0
0
0
0
0
0
0
-0
0
0
-0
-0
0
-0
-0
-0
0
0
-0
-0
-0
-0
-0
-0
0
-0
0
0
0
0
0.000101069
0.000129525
0
0
0
0
-0
-0
0
-0
0
-0
-0
-0
0
-0
0
0
-0
0
-0
-0
-0
0
-0
0
0
0
0
-0
0
0
-0
-0
0
0
-0
0
-0
0
-0
-0
0
0
-0
-0
-0
0
0
-0
0
0
-0
-0
0
0
0
0
-0
-0
-0
-0
-0
0
0
0
0
0
0
0
0
-0
-0
0
0
-0
-0
0
-0
-0
-0
0
-0
0
-0
-0
-0
0
0
-0
-0
-0
0
0
-0
-0
0
0
0
0
-0
0
0
0
0
-0
0
0
-0
-0
-0
-0
-0
0
0
0
0
0
-0
0
0
-0
-0
0
-0
-0
0
-0
-0
-0
0
-0
-0
0
0
0
-0
-0
0
-0
-0
-0
-0
-0
-0
0
-0
-0
0
-0
-0
-0
-0
0
0
-0
0
0
-0
-0
0
-0
0
-0
-0
-0
0
-0
0
-0
0
0
-0
-0
-0
0
-6.31428e-05
-0
-0
0
-0
-0
0
-0
-0
0
-0
-0
0
-0
0
-0
0
0
-0
0
-0
-0
0
0
0
-0
0
-0
-0
0
0
-0
0
-0
0
-0
0
0
0
-0
0
-0
-0
-0
0
0
-0
-0
-0
-0
-0
0
-0
0
0
-0
-0
0
0
-0
0
0
0
0
0
-0
-0
0
0
-0
0
0
0
-0
-0
-0
-0
0
-0
-0
-0
-0
0
-0
0
0
0
-0
0
0
0
0
-0
0
-0
0
0
0
-0
-0
-0
-0
-0
-0
-0
0
0
-0
-0
0.000177048
-0.000269719
0.000165839
0
0
0
0
0
-0
0
0
-0
-0
-0
0
0
0
0
-0
0
-0
0
0
-0
0
0
-0
-0
0
0
-0
-0
-0
-0
0
0.000124511
-0.000111703
-0
0
0
-0
-0
-0
0
0
-0
0
-0
0
-0
0
0
0
0
-0
0
-0
0
-0
-0
-0
0
-0
-0
-0
0
-0
0
0
0
-0
-0
-0
-0
0
0
-0
-0
0
0
-0
-0
-0
-0
-0
0
0
0
0
-0
0
0
-0
-0
-0
0
-0
0
0
0
0
0
0
-0
0
0
-0
-0
-0
-0
-0
-0
0
0
0
-0
0
0
-0
0
-0
-0
0
0
-0
0
-0
-0
0
-0
-0
-0
-0
0
-0
-0
-0
-0
-0
-0
-0
-0
0
0
0
-0
-0
0
0
-0
0
-0
-0
-0
0
-0
0
0
0
0
0
0
0
-0
0
0
0
0
-0
-0
-0
-0
-0
0
-0
0
-0
0
-0
-0
0
-0
-0
0
0
0
0
0
0
-0
-0
-0
0
0
0
0
-0
0
0
-0
0
0
-0
-0
-0
0
-0
-0
0
-0
-0
0
0
0
0
-0
0
-0
0
0
0
0
0
0
-0
-0
0
-0
0
0
0
-0
0
-0
-0
0
0
0
-0
0
0
-0
-0
-0
-0
-0
-0
-0
0
0
0
0
-0
-0
-0
0
0
0
-0
0
-0
0
-0
-0
-0
0
-0
0
-0
0
0
0
0
-0
0
-0
-0
0
-0
-0
0
0
0
-0
-0
-0
0
-0
0
-0
-0
-0
-0
0
0
0
-0
-0
-0
-0
-0
-0
0
0
0
0
-0
0
-0
0
0
-0
0
-0
0
0
0
-0
0
0
0
0
-0
-0
0
0
0
0
0
-0
-0
0
0
-0
0
-0
-0
0
0
-0
0
-0
-0
-0
-0
0
0
-0
0
0
0
0
-0
-0
-0
0
-0
0
0
0
0
0
-0
-0
-0
-0
-0
-0
-0
0
-0
0
-0
0
-0
-0
-0
0
-0
0
0
0
0
-0
-0
0
0
0
0
0
0
-0
0
0
-0
0
-0
-0
-0
-0
-0
0
0
0
-0
0
-0
0
-0
-0
0
-0
0
-0
0
0
0
-0
0
0
0
0
-0
0
-0
0
-0
0
-0
0
0
0
0
-0
0
0
-0
-0
0
-0
-0
-0
-0
0
0
-0
0
8.1338e-05
0.000174688
0
0
-0
0
0
0
0
-0
-0
-0
-0
0
-0
0
0
0
-0
-0
-0
-0
0
0.000158016
-7.08037e-05
6.4675e-05
0
-0
-0
0
0
-0
0
0
-0
-0
0
-0
0
0
0
0
-0
-0
-0
0
0
-0
0
0
-0
-0
-0
0
-0
-0
-0
-0
0
-0
0
0
0
0
-0
-0
0
-0
-0
-0
-0
0
-0
0
-0
-0
0
-0
-0
0
0
-0
-0
0
-0
0
0
0
0
0
0
-0
0
0
-0
0
-0
-0
-0
0
8.11212e-05
0
-0
0
-0
0
0
-0
-0
0.000274487
0.000167816
-0.000106671
0.000193366
8.66943e-05
-0
0
-0
0
0
-0
-0.000161171
-0
0
0
0
0
9.72207e-05
0
-0
0
0
0
-0
0
-0
-0
0
0.000205788
0
-0
-0
0
-0
-0
0
-0
-0
-7.91932e-05
0
-0
0
0
-0
0
-0
-0
-0
-0
0
0
-0
-0
-0
0
0
0
-0
-0
0
0
-0
-0
0
0
0
0
0
-0
0
0
0
0
-0
0
-0.00018243
0.000268474
0
-0
0
0
0
0
-0
0
-0
0
-0
-0
-0
0
-0
0
-0
0
0
-0
-0
0
0
0
-0
-0
-0
-0
0
0
-0
-0
-0
-0
0
-0
0
0
0
-0
-0
0
-0
-0
0
-0
-0
-0
-0
-0
0
0
-0
0
0
-0
0
-0
0
0
0
0
-0
0
0
-0
0
-0
-0
-0
-0
0
-0
-0
0
0
0
0
0
0
0
0
0
0
-0
-0
-0
-0
-0
0
0
-0
0
-0
-0
0
-0
0
0
0
-0
-0
-0
-0
-0
0
0
-0
0
-0
0
-0
-0
-0
0
0
0
-0
-0
0
-0
0
-0
0
0
-0
0
0
0
0
0
0
0
0
-0
0
-0
-0
0
0
0
-0
-0
0
0
0
-0
0
0
0
0
0
-0
-0
-0
-0
-0
0
0
-0
-0
-0
-0
-0
-0
-0
0
-0
-0
-0
-0
-0
0
0
-0
0
0
-0
0
-0
0
-0
0
-0
0
-0
0
0
-0
0
0
-0
-0
0
-0
0
-0
0
-0
0
0
-0
-0
-0
0
0
-0
-0
0
-0
0
-0
-0
0
0
0
-0
-0
0
0
0
-0
0
-0
-0
-0
-0
-0
0
-0
-0
-0
-0
-0
-0
0
-0
0
-0
-0
-0
0
0
-0
-0
-0
0
-0
-0
0
0
0
0
0
-0
0
-0
0
-0
0
0
0
-0
0
-0
-0
0
-0
0
-0
0
-0
0
0
0
-0
-0
-0
0
0.00016541
0
-0
0
0
-0
0
-0
0
-0
-0
0
0
0
-0
0
0
0
-0
-0
0
-0
0
0
-0
-0
5.53086e-05
0
0
0
-0
0
-0
-0
0
0
0
0
-0
0
-0
0
0
0
-0
0
-0
-0
-0
-0
0
0.000144831
0
-0
-0
-0
0
0
-0
-0
-0
-0
-0
-0
-0
-0
0
-0
-0
0
-0
0
0
0
0
-0
0
-0
-0
0
-0
-0
0
0
-0
0
0
-0
-0
0
0
0
-0
0
-0
-0
0
0
0
0
-0
0
0
0
-0
0
-0
0
-0
-0
0
0
-0
0
0
0
0
-0
0
0
0
-0
-0
0
-0
0
0
0
0
0
-0
0
0
0
0
0
-0
-0
0
-0
0
-0
0
0
0
-0
-0
-0
0
0
-0
-0
-0
-0
0
-0
-0
-0
-0
0
0
-0
-0
-0
-0
0
0
-0
-0
-0
-0
-0
0
0
-0
-0
0
-0
-0
-0
0
-0
0
-0
0
-0
-0
0
0
0
-0
0
-0
0
-0
0
-0
-0
0
0
0
-0
-0
0
0
0
0
0
-0
0
0
-0
-0
-0
0
0
0
-0
0
-0
0
0
0
-0
-0
-0
-0
0
-0
0
0
0
0
-0
0
-0
0
-0
-0
0
-0
0
-0
-0
-0
0
0
0
0
0
0
0
-0
-0
-0
0
0
-0
-0
0
0
-0
0
0
0
0
0
0
0
0
0
0
0
-0
0
-0
-0
0
0
-0
-0
-0
-0
-0
-0
-0
-0
0
-0
-0
0
0
-0
0
-0
-0
0
0
0
0
0
-0
0
-0
0
-0
-0
-0
-0
0
-0
-0
-0
-0
0
0
0
-0
0
-0
-0
-0
-0
-0
0
0
0
0
-0
0
0
-0
-0
0
0
0
0
-0
0
-0
-0
-0
0
0
-0
-0
0
-0
-0
0
-0
-0
0
0
-0
-0
0
-0
-0
0
0
0
0
-0
-0
0
0
-0
-0
-0
-0
-0
0
-0
-0
0
-0
-0
-0
-0
-0
-0
-0
-0
-0
0
0
-0
0
0
-0
0
-0
-0
-0
-0
0
-0
-0
0
0
-0
0
-0
0
0
0
-0
0
0
-0
-0
-0
-0
0
0
0
0
-0
-0
0
0
0
-0
-0
-0
-0
0
-0
-0
-0
0
-0
0
0
-0
-0
-0
-0
0
-0
-0
0
0
0
-0
-0
-0
-0
-0
-0
-0
0
0
0
0
0
0
-0
-0
0
0
0
0
0
0
0
-0
0
-0
0
0
0
0
0
0
0
0
0
-0
-0
0
0
0
0
0
-0
-0
-0
0
-0
0
-0
0
-0
-0
-0
-0
-0
0
-0
-0
-0
-0
0
0
-0.000154478
-0
-0
-0
0
0
0
-0
-0
-0
-0
-0
-0
-0
0
-0
0
0
0
-0
2.42257e-05
-0
0
-0
-0
0
0
-0
-0
-0
0
0
0
-0
-0
0
0
0
0
-0
-0
-0
0
0
0
0
-0
0
0
0
0
0
0
0
0
-0
-0
0
0
-0
-0
0
0
0
-0
0
-0
-0
0
0
0
0
0
-0
0
0
0
-0
-0
-0
0
-0
0
0
0
0
-0
0
0
0
-0
0
0
-0
0
0
-0
0
0
-0
0
-0
-0
0
-0
0
0
0
0
0
0
0
-0
0
-0
-0
0
0
0
-0
0
-0
-0
0
-0
0
-0
0
0
-0
0
0
0
0
0
-0
0
0
-0
0
0
-0
-0
0
-0
0
-0
0
0
0
0
-0
0
-0
-0
0
0
-0
-0
0
0
0
-0
-0
-0
-0
-0
-0
0
0
-0
-0
0
0
0
-0
0
0
-0
0
0
-0
-0
-0
-0
0
0
-0
0
0
0
-0
0
0
-0
-0
0
-0
-0
0
-0
-0
0
0
0
0
-0
-0
-0
-0
-0
0
-0
-0
0
0
0
0
0
-0
0
0
-0
0
-0
-0
-0
-0
0
-0
-0
0
-0
-0
-0
0
-0
-0
0
0
0
-0
0
-0
-0
0
0
-0
0
-0
0
0
0
0
0
-0
-0
-0
0
-0
0
0
-0
0
-0
0
0
-0
-0
0
-0
0
-0
0
0
0
-0
0
-0
0
0
0
-0
-0
0
0
-0
0
-0
0
-0
0
0
0
0
0
-0
-0
-0
0
-0
-0
-0
0
0
0
0
-0
0
0
0
0
-0
0
-0
-0
-0
-0
-0
-0
0
-0
0
-0
0
0
0
0
-0
0
-0
-0
-0
-0
-0
0
0
-0
-0
0
0
-0
0
-0
-0
0
-0
-0
0
-0
0
-0
0
0
-0
-0
0
-0
0
0
-0
0
0
-0
0
-0
-0
0
-0
0
0
-0
0
-0
-0
0
-0
-0
0
-0
-0
-0
-0
-0
-0
-0
0
0
0
0
-0
0
0
-0
-0
-0
-0
-0
0
0
0
0
0
0
1.01754e-05
-0
-0
0
-0
-0
-0
0
-0
-0
0
0
-7.21036e-05
0
7.76684e-05
-4.71433e-05
0
-0
-0
0
0
-0
-0
-0
0
-0
-0
0.000126594
0
6.04356e-06
0
-0
-0
-0
0
0
0
-0
0
-0
-0
0
-0
0
-0
-0
-0
0
-0
-0
0
-0
0
0
-0
-0
0
-0
-0
0
0
0
0
0
0
-0
0
-0
0
-0
-0
-0
0
-0
0
0
0
0
0
-0
0
-0
0
-0
0
-0
-0
0
-0
-0
0
-0
0
-0
0
0
0
-0
-0
0
-0
0
0
0
-0
0
-0
-0
-0
0
-0
-0
0
-0
-0
0
0
0
-0
0
-0
-0
0
-0
-0
-0
-0
-0
0
0
0
-0
0
-0
-0
-0
0
-0
-0
0
-0
-0
-0
-0
0
0
-0
-0
-0
-0
0
-0
0
0
-0
0
0
-0
0
-0
0
0
-0
-0
-0
-0
-0
0
0
0
-0
0
-0
-0
0
0
-0
0
0
-0
-0
-0
-0
-0
-0
-0
-0
0
-0
0
0
0
-0
0
0
-0
0
0
-0
0
0
0
0
-0
0
-0
0
-0
0
-0
-0
-0
-0
-0
0
0
-0
0
0
0
-0
0
0
0
-0
0
-0
0
0
-0
-0
0
-0
0
0
-0
-0
-0
-0
-0
-0
0
0
-0
-0
0
0
0
0
-0
0
-0
0
0
-0
-0
-0
0
0
0
0
-0.000176758
0.000123752
-0
0
0
0
0
0
-0
-0
0
-0
-0
-0
-0
-0
0
0
0
-0
-0
0
-0
-0
-0
-0
-0
0
0
0
0
0
0
-0
0
0
-0
0
0
-0
-0
0
-0
-0
-0
0
-0
0
-0
-0
-0
-0
0
0
-0
-0
0
-0
0
0
-0
-0
-0
-0
-0
-0
0
0
0
0
-0
0
-0
-0
-0
0
-0
0
-0
0
0
-0
-0
-0
-0
-0
-0
0
0
0
0
-0
0
0
0
-0
-0
0
-0
0
0
-0
0
0
-0
-0
-0
-0
0
0
0.000171347
0
-0
-0
0
-0
0
-0
-0
0
-0
-0
0
0
0
-0
0
0
0
0
0
-0
0
0
0
0
0
0
0
0
0
-0
0
-0
0
-0
-0
0
0
0
-0
-0
0
-0
-0
0
0
0
0
0
0
0
0
-0
-0
0
-0
0
-0
-0
-0
-0
-0
-0
0
0
0
0
0
0
0
-0
-0
0
-0
0
0
0
-0
0
0
0
0
0
-0
-0
-0
0
0
-0
-0
-0
-0
0
-0
-0
0
-0
0
-0
-0
-0
0
0
0
0
-0
-0
0
-0
0
-0
-0
0
0
0
0
-0
-0
0
-0
0
0
0
0
0
0
0
0
0
-0
0
0
0
-0
0
0
0
0
0
0
-0
-0
0
0
0
0
0
-0
-0
0
-0
0
-0
0
-0
-0
-0
0
0
0
-0
-0
-0
0
-0
0
-0
0
-0
0
-0
-0
0
0
-0
-0
0
-0
-0
0
0
-0
0
0
-0
-0
0
0
0
0
0
-0
0
-0
0
-0
0
0
-0
0
0
-0
0
0
-0
0
-0
0
0
-0
-0
0
-7.17075e-05
-0
0
-0
-0
0
-0
0
-0
0
-0
-0
-0
-0
-0
-0
-0
-0
0
0
-0
-0
0
-0
0
-0
0
0
-0
-0
0
0
0
0
-0
-0
-0
-0
0
-0
-0
-0
0
-0
0
-0
0
-0
-0
0
-0
-0
-0.000127326
-0
0
0
-0
-0
-0
-0
-0
-0
0
-0.00022472
1.21785e-05
-0.000107271
0
0
-0
0
-0
0
-0
-0.000131534
-0
-0
-0
-0
0
0
-0
0
-0
-0
-0
-0
0
-0
-0
0
-0
0
-0
0
0
0
0
0
0
0
0
-0
0
0
0
0
-0
-0
-0
0
0
-0
0
-0
-0
-0
-0
-0
-0
-0
0
0
-0
0
0
0
-0
-0
-0
0
-0
-0
0
0
-0
0
-0
0
0
0
0
-0
0
0
0
-0
-0
-0
-0
0
0
-0
0
-0
-0
-0
0
-0
0
0
-0
0
-0
0
-0
0
-0
-0
-0
0
0
-0
0
-0
0
-0
0
-0
-0
-0
0
0
-0
-0
-0
-0
0
-0
-0
0
0
0
-0
-0
-0
-0
-0
0
-0
-0
0
0
0
0
-0
0
-0
0
0
0
0
-0
-0
0
-0
-0
0
0
0
-0
-0
0
-0
-0
-0
-0
-0
-0
-0
0
0
-0
0
0
0
0
0
-0
-0
-0
0
-0
0
-0
-0
-0
-0
0
0
-0
0
-0
-0
-0
-0
-0
-0
0
-0
-0
-0
0
0
0
0
0
-0
-0
-0
-0
-0
-0
0
-0
0
-0
0
0
0
-0
-0
-0
0
-0
0
-0
6.34971e-05
-0
-0
-0
0
0
0
8.15415e-05
-0
-0
0
0
0
-0
-0
0
0
0
-0
0
-0
-0
-0
-0
-0
0
-0
0
0
0
0
0
0
0
0
0
-0
-0
-0
-0
0
0
0
-0
-0
0
-0
0
0
0
-0
0
0
0
-0
-0
0
-0
-0
-0
0
-0
-0
0
0
0
-0
-0
0
-0
-0
0
-0
0
0
0
0
0
-0
0
0
0
-0
-0
0
-0
0
-0
-0
-0
0
0
0
0
0
0
-0
0
0
0
-0
0
-0
-0
-0
0
0
0
0
-0
-0
0
-0
-0
-0
-0
-0
-0
-0
0
-0
-0
0
0
-0
0
-0
-0
-0
-0
0
-0
0
-0
0
0
-0
-0
-0
0
0
0
-0
-0
0
-0
0
0
-0
-0
0
-0
0
-0
0
-0
0
0
-0
0
0
-0
-0
-0
0
0
0
0
-0
0
0
-0
-0
-0
0
-0
0
0
0
-0
-0
-0
0
-0
-0
-0
-0
0
0
0
-0
-0
-0
0
0
0
0
-0
-0
0
0
0
0
0
0
0
-0
0
0
0
-0
0
0
0
0
-0
-0
-0
-0
-0
0
0
0
-0
-0
-0
0
-0
0
-0
-0
0
-0
-0
-0
-0
-0
0
0
0
-0
-0
-0
-0
0
-0
0
0
-0
0
0
-0
0
-0
-0
0
-0
0
0
0
0
-0
-0
-0
0
-0
0
-0
-0
-0
-0
-0
-0
-0
-0
-0
-0
-0
0
-0
-0
0
-0
0
-0
0
0
0
-0
0
0
0
-0
-0
-0
0
-0
0
-0
-0
-0
-0
-0
0
-0
-0
0
0
-0
0
-0
-0
-0
0
0
-0
0
-0
-0
0
0
-0
0
0
0
-0
-0
-0
0
-0
-0
-0
-0
0
-0
-0
0
0
0
-0
0
0
-0
-0
0
0
0
-0
0
0
-0
0
-0
-0
-0
0
0
-0
-0
0
-0
0
0
-0
0
-0
-0
0
0
0
0
0
0
-0
0
0
0
0
0
0
0
-0
-0
0
0
-0
-0
0
0
-0
0
-0
-0
0
0
-0
-0
0
-0
0
0
-0
0
-0
0
0
0
-0
-0
0
0
0
-0
-0
0
-0
-0
-0
0
-0
-0
-0
-0
-0
-0
-0
-0
-0
-0
0
-0
-0
-0
-0
-0
0
0
-0
-0
0
0
-0
0
0
0
-0
-0
0
0
-0
-0
0
-0
0
-0
0
0
0
0
-0
-0
0
0
-0
0
-0
0
-0
0
0
0
-0
0
-0
-0
0
0
-0
-0
0
-0
0
-0
0
-0
0
-0
0
-0
-0
-0
0
-0
-0
0
-0
-0
0
-0
0
-0
-0
0
-0
-0
0
0
0
0
0
0
-0
-0
-0
0
0
-0
0
0
0
-0
0
0
-0
-0
-0
0
0
-0
0
0
0
-0
0
0
-0
0
0
-0
0
0
0
0.000152632
-3.80321e-05
0
-0
-0
-0
0
0
-0
0
0
0
-0
-0
-0
-0
0
-0
-0
0
-0
0
-0
-0
-0
-0
-0
-0
0
-0
0
-0
-0
-0
0
-0
-0
0
0
-0
0
-0
0
0
-0
-0
-0
-0
-0
-0
-0
0
0
0
-0
0
-0
0
0
0
0
0
0
0
-0
0
-0
0
0
0
0
0
-0
-0
0
0
0
0
0
0
0
0
0
0
0
0
-0
-0
0
-0
0
-0
0
0
0
-0
0
-0
0
-0
0
0
-0
0
-0
0
0
-0
0
0
0
-0
0
-0
-0
0
-0
-0
-0
0
0
-0
-0
0
0
-0
-0
0
-0
-0
-0
0
-0
-0
-0
0
-0
-0
-0
0
0
0
0
-0
0
-0
-0
-0
-0
-0
-0
-0
0
-0
-0
0
0
-0
-0
-0
0
0
0
-0
0
0
-0
0
0
-0
-0
0
0
-0
0
0
-0
0
0
0
0
0
0
0
-0
-0
-0
-0
0
-0
-0
-0
-0
-0
-0
0
0
-0
0
0
-0
0
-0
-0
-0
0
-0
0
0
0
-0
-0
0
-0
0
0
0
-4.47523e-05
-0
0
-0
-0
0
-0
0.0001674
-2.14121e-05
0
0
-0
-0
0
-0
0
0
-0
-0
0
-0
0
-0
-0
0
-0
0
-0
-0
-0
-0
-0
-0
0
0
-0
-0
0
-0
0
0
0
-0
-0
0
-0
0
0
-0
-0
0
0
0
-0
0
0
-0
-0
0
-0
-0
-0
0
0
-0
-0
-0
-0
0
-0
0
-0
0
0
-0
-0
-0
0
-0
0
-0
-0
0
-0
0
-0
-0
-0
-0
-0
-0
0
0
-0
-0
-0
-0
-0
0
0
-0
0
0
0
-0
0
0
0
0
-0
-0
-0
0
-0
-0
-0
-0
-0
0
-0
0
-0
-0
0
0
0
-0
0
-0
-0
-0
0
0
-0
-0
-0
-0
0
0
-0
0
0
0
-0
-0
0
-0
-0
-0
0
-0
0
-0
0
-0
-0
-0
-0
-0
-0
-0
-0
-0
0
0
-0
0
-0
0
-0
0
-0
-0
0
-0
0
-0
0
-0
0
0
-0
6.98461e-05
0
0
0
-0
0
0
0
-0
0
-0
0
0
0
0
0
0
0
-0
0
0
0
0
-0.000252657
-0
-0
0
0
0
-0
0
-0
-0
0
-0
0
-0
0
-0
-0
-0
0
-0
0
0
-0
-0
0
-0
0
0
0
0
0
-0
0
0
0
-0
0
0
-0
-0
-0
-0
-0
0
0
-0
-0
-0
-0
0
-0
0
-0
-0
-0
0
-0
0
0
0
0
0
-0
-0
-0
0
-0
-0
0
0
-0
0
0
-0
0
0
0
-0
0
-0
0
0
-0
0
0
0
-0
-0
0
0
-0
-0
0
0
-0
-0
0
-0
0
0
-0
-0
0
-0
-0
-0
0
0
-0
-0
0
-0
0
-0
0
0
-0
-0
0
0
-0
-0
-0
0
0
0
-0
-0
-0
-0
0
0
-0
0
0
0
0
0
0
-0
-0
0
0
-0
-0
-0
-0
0
-0
0
0
0
0
0
-0
-0
-0
0
-0
-0
0
-0
-0
0
0
0
0
0
-0
0
0
0
-0
-0
0
-0
-0
-0
0
0
0
-0
0
-0
-0
-0
-0
-0
0
-0
-0
-0
0
0
-0
-0
0
-0
0
0
0
-0
-0
0
-0
-0
0
0
-0
-0
0
-0
0
-0
0
-0
0
0
0
-0.000157595
-0
0
0
-0
-0
-0
0
0
-0
-0
0
0
-0
-0
-0
-0
-0
-0
-0
-0
0
-0
0
-0
0
-0
0
-0
-0
0
0
0
-0
-0
0
0
0
0
-0
0
0
-0
0
-0
-0
0
-0
-0
0
0
0
0
-0
-0
0
0
0
0
0
-0
0
-0
0
0
0
-0
-0
-0
0
0
0
0
-0
0
0
-0
-0
-0
-0
-0
0
-0
-0
0
0
0
0
0
-0
0
-0
-0
0
-0
-0
0
-0
0
0
-0
-0
-0
-0
0
-0
-0
0
-0
-0
0
-0
-0
0
-0
-0
-0
-0
0
0
-0
-0
-0
0
0.000195158
-0
0
-0
-0
-0
-0
-0
-0
-0
-0
-0
-0
-0
-0
0
0
-0
0
-0
0
0
-0
0
-0
-0
-0
-0
-0
-0
-0
-0
0
-0
-0
0
0
0
0
-0
-0
-0
0
0
-0
0
0
-0
-0
-0
0
0
-0
0
0
0
-0
-0
0
-0
0
-0
0
0
-0
-0
0
-0
-0
-0
0
0
0
0
-0
0
-0
-0
-0
0
-0
0
-0
-0
0
-0
0
0
-0
-0
-0
0
0
-0
0
-0
0
0
0
0
-0
0
-0
-0
0
-0
0
-0
-0
-0
-0
0
0
0
0
0
0
0
-0
-0
0
-0
-0
0
0
0
-0
-0
-0
0
0
0
0
0
-0
-0
-0
-0
-0
-0
0
0
0
-0
-0
0
0
-0
-0
0
-0
-0
0
0
0
-0
-0
0
0
0
0
0
0
-0
-0
-0
0
0
-0
-0
0
0
-0
0
-0
-0
0
-0
0
-0
0
0
-0
0
0
0
-0
-0
-0
-0
0
-0
0
-0
0
0
-0
0
0
0
0
-0
-0
-0
-0
-0
0
-0
-0
-0
0
-0
0
0
0
-0
0
0
-0
0
0
0
-0
1.80027e-06
-0.000164039
-0
0
-0
-5.67674e-05
0
0
-0
0
-0
0
0
-0
-0
0
0
0
-0
-0
-0
0
0
0
-0
0
-0
-0
0
0
0
0
-0
0
-0
0
-0
-0
0
0
0
0
-0
0
-0
-0
0
0
0
-0
-0
-0
0
-0
0
0
-0
0
0
0
0
0
0
-0
-0
-0
-0
-0
-0
0
0
0
-0
0
-0
0
0.000150247
0
0
0
0
-0
-0
-0
-0
-0
0
0
0
-0
0
-0
-0
0
0
0
0
0
0
0
0
0
0
-0
0
0
-0
0
0
0
-0
-0
0
0
-0
0
-0
0
0
-0
-0
-0
0
0
0
-0
-0
0
0
-0
-0
0
0
0
-0
0
-0
0
-0
0
0
-0
-0
0
-0
0
-0
0
-0
0
0
-0
0
-0
0
0
-0
0
0
0
0
-0
0
-0
-0
0
-0
0
-0
0
0
-0
0
0
0
0
0
0
0
0
0
0
-0
-0
-0
0
0
0
0
0
-0
-0
0
-0
-0
0
-0
-0
0
0
-0
-0
-0
-0
0
-0
-0
0
0
-0
-0
-0
-0
0
0
-0
-0
0
0
-0
0
0
0
0
0
-0
0
-0
0
-0
-0
0
0
0
0
-0
0
0
-0
-0
0
0
0
-0
-0
0
0
-0
-0
0
-0
0
-0
0
-0
-0
-0
0
-0
-0
-0
-0
0
0
-0
0
-0
0
-0
-0
0
0
-0
-0
0
0
-0
0
0
0
-0
-0
-0
0
-0
0
-0
-0
0
-0
-0
0
-0
-0
-0
0
-0
-0
0
0
-0
-0
0
-0
0
0
0
0
-0
0
0
-0
0
-0
0
0
0
-0
0
0
-0
-0
-0
0
-0
0
-0
-0
0
-0
-0
-0
-0
-0
0
-0
0
0
0
-0
0
-0
0
-0
-0
0
-0
0
-0
0
-0
-0
0
-0
0
-0
0
-0
-0
-0
-0
0
0
-0
0
-0
0
-0
-0
0
0
0
0
0
0
-0
0
0
-0
0
-0
0
0
-0
0
0
0
-0
0
0
0
0
0
-0
-0
0
0
-0
0
0
0
0
0.000157393
-0
-0
0
0
-0
-0
0
-0
0
0
