FiniteElementSpace
FiniteElementCollection: ND_3D_P1
VDim: 1
Ordering: 0

0
0
0
-0
-0
0
0
0
0
-0
0.00656699
0
-0
0
0
-0.00921236
0
-0
0
-0.0114051
0
-0
-0
0.0077532
0.00118621
-0
0
-0
0
0
0
0
-0
0
0
0
0
-0
0
-0
0
-0
0
-0
0.00954203
-0
-0
-0.0101003
-0.00669883
-0
-0
0.00627081
0
-0
0
-0.00504269
-0.0120798
-0.005809
-0.0159093
-0.0082253
0.00241631
0.00656824
0.0047668
-0.0122988
0.011335
-0.0057306
0.0170656
-0
-0
-0
-0
0
-0.00668346
-0.000426805
0.0048464
-0.00625666
0.0115299
0.00527321
0.0119946
0.00366992
-0.00507101
0.00832471
-0.00874093
-0.00301033
0.0146917
0.00859814
-0.00609355
0.00896109
0.00286754
-0
-0
0
0
0
0
0.00465157
0.00281488
-0.00183669
-0.00852016
-0
0
-0
0
0
0
0
-0.007459
-0.00893142
-0.00817126
-0.00147243
-0.0134119
-0.0136349
-0.013171
0
-0
-0
0
0
0
0
0
0
-0
-0
0.0118877
0.0120029
0.00835687
-0.000115227
0.00353079
0.00364602
0.00236736
0
-0.0128399
0
-0.0104726
0
-0
0
-0
-0
0
-0
-0
-0
-0
0
0
0
-0
0
0
0
0.00424893
-0.00669845
-0.00320999
0.0109474
0.00103894
-0.00990845
0.000377203
0.00462614
-0.00632125
-0.0157637
-0.00133869
-0.00565323
-0.014425
-0.0101105
-0.00431453
0.000460055
-0.00841085
-0.00385448
0.0088709
0.00455637
-0.00281553
-0.0137629
0
-0
0
-0
0
0
0
-0
0
-0
0
-0
0
-0
0
0
-0
0
-0
-0
-0
-0
0
-0
0
0
0
0
0
-0
-0
-0
-0
-0
-0
0
0
0
-0
0
0
0
0
-0
-0
-0
-0
-0
0
0
0
0
-0
0
-0
-0
-0
-0
0
0
0
-0
-0
0
0
0
0
-0
-0
-0
0
-0
0
0
0
-0
-0
-0
0
-0
-0
0.000451577
0
0
-0.010969
0
0
0.00165177
-0.00471749
0
0.0107886
0
-0
-0.00916713
0.00420476
-0.0108626
-0.00496236
0.00169548
-0.00665784
0.00757966
0.00927514
0.0142375
0.00117874
0.00589624
-0.00890957
-0.0100883
-0.0148058
0.00586126
0.00207309
-0.00330587
0.0112402
0.00793435
0
-0.00802336
0.00627785
-0.00388828
-0.00327269
-0.012223
-0.000615587
0.00833474
0.00895033
-0
-0
0
-0
-0
-0
-0
-0
-0
-0
0
-0
0
-0
0
0
-0
-0
-0
0
-0
0
0
0
-0.0173092
-0.0106093
-0.00742047
0.00318887
-0
0
-0
0
0
0
0
0
0
0
0
-0
-0
-0
0
0
0
-0
-0
0
-0
0
-0
0
0
0
0
-0
-0
-0
0
0
0
-0
-0
-0
-0
0
0
-0
-0
-0
-0
-0
-0
-0
-0
-0
0
-0
0
-0
-0
0
-0
0
-0
-0
0
-0
-0
-0
-0
0
-0
-0
-0
-0
0
0
-0
-0
-0
0
-0.00264537
-0
-0
-0
0
0
0.00147507
0.00984528
-0.00748601
-0.00837021
-0.000884198
-0.00388873
-0.0115286
-0.0154173
-0.013001
-0.0199938
0.0118226
-0.013295
-0.0106047
-0.00433392
0.00832476
-0.0116691
-0.00349782
0
-0
-0
-0
0
-0
0
-0
0
-0
0
-0
0
-0
-0
-0
0
0
-0
0
0
0
-0
0
0
-0.0014612
-0.00996103
0.00135565
0.00849983
-0.00281686
0.0113167
0.0195394
0.0111433
0.0110802
0.00839616
-0.00845922
-6.30594e-05
0.0133093
0.00504592
0.0161261
0.00826335
0.00807513
-0.008051
0.00665335
0.00142178
-0.0147043
-0
-0
0
-0
-0
0
-0
0
-0
0
0
-0
0
-0
0
0
0
0
-0
0
0
0
-0
0
0
0
-0
0
0
-0
-0
0
-0
-0
0
-0
0
-0
0
0
-0
-0
-0
0
-0
-0
0
-0
0
-0
0
0
-0
-0
0
-0
0
-0
0
-0
0
-0
0
0
0
0
0
0
0
0
0
0
-0
0
-0
0
-0
0
0
0
0
-0
-0
0
-0
0
0
-0
-0
-0
0
0
0
0
-0
-0
-0
0
-0
0
-0
0
-0
0
0
-0
-0
0
0
-0
0
0
0
-0
-0
0
-0
-0
-0
0
0
-0
0
-0
-0
-0
-0
-0
-0
0
-0
0
0
0
0
-0
0
-0
0
0
0
-0
-0
-0
-0
0
-0
0
0
0
-0
0
-0
-0
-0
0
-0
0
0
-0
-0
0
-0
-0
0
0
-0
0
-0
-0
0
-0
-0
-0
-0
0
-0
0
0
-0
-0
-0
0
-0
-0
0
-0
0
0
0
-0
-0
0
-0
0
0
-0
-0
0
-0
-0
0
0
0
-0
-0
-0
0
0
-0
-0
-0
-0
0
-0
0
0
0
0
0
0
-0
-0
0
0
-0
-0
-0
-0
0
-0
-0
-0
0
0
-0
0
-0
0
0
-0
0
-0
-0
0
-0
0
-0
0
0
-0
0
-0
0
0
-0
0
0
-0
-0
-0
0
-0
-0
0
0
-0
0
0
-0
0
-0
-0
-0
0
-0
0
-0
0
0
0
0
0
0
0
0
0
-0
-0
-0
0
0.00267871
-0.00565603
-0.0145661
0.00693052
-0.00140422
-0.00763558
-0.0159703
0.0094707
-0.00248298
0.0119537
0.00806648
-0.0038872
-0.0117577
0
-0
-0
-0.00507448
0
-0
0
0
0
-0.000742785
-0.00880927
0
-0
0
0
0
-0
0
-0
0
0
0
-0
-0
0
-0
0
0
-0
-0
0
0
0
0
0
0
-0
-0
0
0
0
-0
-0
-0
-0
-0
0
-0
-0
-0
-0
-0
-0
-0
0
0
0
-0
0
-0
-0
-0
0
0
-0
0
0
-0
-0
-0
0
0
0
0
-0
-0
-0
0
-0
-0
-0
0
-0
-0
-0
-0
-0
0
0
0
-0
-0
0
-0
-0
-0
0
-0
-0
-0
-0
0
0
0
0
0
0
0
0
-0
-0
-0.0138385
-0.00406207
-0.00701045
0
0
-0.00294838
0
-0
0
0
0
0
0.00118645
-0.00360341
0.0081969
0.00478986
0.0118003
-0
0
0
0
0
-0
-0
0
0
0.00440636
-0.00310443
-0.0075108
0
0
0
0
0
-0
-0
0
-0.0149047
-0.00605281
0.00885193
-0.00739394
0.00353775
-0.0038562
0.00794411
0
-0
-0
0
-0
0
-0.012615
0.00477757
-0.00728224
-0.0173925
-0.00533273
-0.0120598
0.0090388
-0.00357617
0.0138164
-0.00397377
-0.0130126
0.00663948
-0.0106133
-0.019652
-0
-0
0
-0
-0
0
-0.0189835
-0.00636854
-0.00994471
-0
-0
-0
0
-0
-0
-0
0
0
-0
0
0
-0
-0
-0
-0
0
0
-0
0
-0
0
-0
0
0
-0
0
-0
-0
0
-0
-0
0.00515296
0
0
0
0
-0
0
-0
-0
0
0
0
0
-0
-0
-0
-0
-0
-0
-0
0
-0
0
0.01251
-0
0.000507158
0
0
-0
-0
0
-0
-0.02045
-0.00434138
0.0161086
0.00773843
-0.00587678
-0
-0
0
0
-0
-0.00704185
-0
-0.0130034
-0.00742309
-0.00525109
-0.0122929
-0.0126742
-0.00874221
0.00186252
-0.0120134
-0.013876
0.00815707
-0.00795157
0.0156356
0.000473025
-0.00789719
0
-0
0
-0
0
-0
0
0
-0
-0
-0
0
-0
-0
-0
-0
-0
-0
-0
-0
-0
0.00185644
-0
0
0
-0
0
0
0
-0
0
0
-0
0
-0
-0
0
-0
0
-0
0
-0
0
0
0
-0
-0
-0
-0
-0
-0
-0
0
-0
0
-0
0
-0
0
-0.0110328
0.0168936
0.0109097
0.0040945
-0.00598385
-0.0127991
0.00681524
-0
-0
0
0
0
-0
-0.00132352
-0
0
-0
-0
-0
0
-0
-0
-0
-0.00859224
0.00481967
0
0
0
0
0
0
-0
0
0
-0
-0
-0
0
0
-0
-0
-0
0
-0
0
-0
0
-0
0
-0
-0
0
0
0
0
0
0
-0
-0
0
0
0
0
0
0
0
0
0
-0
0
-0
0
-0
0
0
0
0
0
0
0
0
-0
0
-0
-0
-0
0
-0
0
-0
-0.000232915
0.00163506
-0.0115445
-0.00186798
-0.0113116
-0.0131796
-0.0069005
-0.00886322
2.42604e-05
-0.0157395
-0.00131443
0.0026341
-0.00944764
-0.00373191
-0.0120817
-0.00109782
-0
0
-0
0
0
0
0.0014242
-0.00853683
-0.00743902
0
0
-0
-0
0
0.0165398
-0
-0.0145716
0.010487
-0.00408462
0.00448552
0.0149958
0.00857014
0
-0
-0
0.000142698
-0.0158254
-0
-0.0131801
0
0
0
-0
0
-0.0101694
0.00152985
-0.00301065
-0.0116993
-0.0014808
-0.00926825
0.00136629
0.0106345
-0.0107491
-0.000114516
0
0.002431
0
-0.0115196
-0.0128859
0.0166133
0.015499
-0.00886853
-0
-0
0
0.0101465
-0
0
-0
0
-0
0
0
0
0
0
-0
0.000254618
0
-0.00395836
-0
0.00421298
0
-0
-0
0
-0
0
0
-0
0
0
-0
0
0
0
0
0
-0
0
0
0
-0
-0
0
0
0
0
0
-0
0
-0
-0
0
0
0
0
-0
-0
-0
0
0
0.0113458
-0
-0.000145703
0
-0
-0.0147364
-0.0092021
0.000802828
0.00214373
-0.0121704
0.00445808
-0.00474403
0.0103193
0.0150634
0.00329529
0.00702404
-0.00318683
-0
0
-0.011652
-0.00375482
0.000705174
-0.00445999
-0.00719201
0.0125928
0.00813285
0
0
-0.000486876
-0
-0.00817089
-0
0
0
-0
0
-0
0
0
0
-0
-0
-0
0
0
0
-0
0
-0
-0
-0
-0
-0
-0
0
0
-0
-0
-0
-0
-0
-0
0
-0
-0
-0
0
-0
-0
-0
0
-0
0
0
0
-0
0
0
0
0
0
0
-0
-0
0
-0
-0
-0
0
0
0
0
-0
0
-0
0
0
-0
0
-0
-0
-0
0
-0
-0
-0
-0
-0
-0
0
0
0.00958844
0
-0.00331185
-0
0
-0
0
0
0
-0
0
0
0
0
0
0
-0
0
-0
-0
-0
0
-0
-0
0
-0
0
-0
0
0
0
-0
-0
-0
-0
0
0
-0
0
0
0
-0.00400509
-0.00841934
-0
0
0
-0
0
0
0
-0
-0.0106449
0.00505524
-0.0150591
-0.00558962
-0.0100039
-0
0
0
0
-0
0
0
0
-0
-0
0
-0
0
-0
0
-0
-0
-0
-0
-0
-0
-0
0
0
-0
-0
0
-0.0175702
-0.00292864
-0.0115998
0.0146416
0.00597038
-0.0086712
-3.10947e-05
0.0103275
-0.00600147
-0.0103586
-0.00435716
0.00135787
0.00784646
-0.00731333
0.0064886
0.0151598
0
0.0084288
0.00111547
-0
-0
-0
-0.0140919
-0.00677855
-0
0.00428651
0.013615
-0.00785489
-0
0
0
-0.00558106
0.00474648
0.00328747
0
0
-0
-0
-0
0
-0.00203207
0.00954628
0
0
-0.00383677
0.00484973
-0
-0
0
-0
-0
0
0
-0.00676583
-0.0151767
-0.00356112
-0.0089132
-0.00535208
-0
-0.00421665
0.00514964
-0
-0
0
0
0
-0
0
-0
0
-0
0
0
0
-0
-0
0
-0
0
-0
0
-0
-0
0
-0
-0
-0
-0
-0
-0
0
-0
-0
0
-0
-0
-0
-0
-0
0
0
0
-0
0
0
0
-0
-0
0
-0
-0
0
-0
-0
-0
0
-0
0
0
-0
0
0
-0
-0
0
0
-0
-0
-0
-0
-0
0
-0
0
-0
-0
0
-0
0
-0
0
0
-0
0
0
-0
-0
0
-0
-0
0
-0
-0
-0
-0
0
0
-0
0
0
0
-0
-0
0
0
-0
-0
0
-0
0
0
0
0
0
0
-0
0
0
0
0
-0
-0
0
-0
-0
-0
-0
-0
-0
-0
-0
-0
0.0171463
-0.00663977
0
0.012566
-0.00233871
-0
-0.0090997
0.00799957
0.0135892
-0.00110013
0.0044895
0.00617636
0.0152761
0.0141759
0
0
-0
0
-0
0
-0
-0
-0
0
-0
0
0
0
-0
0
-0
-0
-0
0
0
-0
0
0
0
0
0
-0
0
0
-0
-0
0
-0
-0
-0
0
0
0
0
-0
0
0
-0
-0
0
0
-0
-0
0
-0
0
-0
0
0
-0
0
0.0120831
-0.00412705
0.00795607
0.010439
0.0116085
-0.00245973
-0.00855328
0.0061384
-0.00103777
-0.00717617
0.00748239
0.0146586
0.0043455
0
0
-0
-0
0
-0
-0
-0
-0
-0
-0
-0
0
-0
-0
0
0
-0
-0
-0
-0.013204
0.00154514
-0.0143904
-0.0147491
0.000358686
-0.0107199
-0.000252786
-0.0142407
0.0139879
-0
-0
0
0
0
-0
-0
-0
-0.016136
-0.00700164
-0.00913437
-0.00871553
0.00041884
-0.00718568
0.00545722
-0.00367715
0.00498183
-0.0141162
0.000449899
0.00748142
0.00793131
0.0172677
-0.0161145
0.00115322
0.0168489
-0.0156957
0
-0
0
-0
-0
-0
-0.00201981
-0.0101905
0
0
-0
-0
-0
-0
-0
-0
0
0
-0
-0
0
0
0
0
-0
-0
-0
0
-0
-0
0
-0
-0
-0
-0
0
0
0
-0
0
0
-0
-0
0
-0
0
0
0
-0
-0
-0
-0
-0
-0
0
-0
0
-0
0
-0
-0
0
0
0
-0
0
-0
0
-0
0
0
-0
0
0
0
0
0
-0
-0
0
-0.00554685
-0
0
-0.00887512
-0.00930188
0.00462822
-0
-0.00467366
0
0
0
0
-0
-0.0131103
-0.00553066
-0
-0
0
0
0
0
-0.000543269
-0.00623439
0.00569112
-0
-0
0
0
0
0
0
0
0
-0
-0
0
-0.0120836
0
0
0
0
-0
-0
-0
0
-0
0
-0
-0
0
-0
0
-0
0
-0
0
0
0
-0
-0
-0
-0
0
-0
-0
-0
0.000980182
-0.00385588
-0.0018262
0.00716422
-0.0110201
-0.0091939
0
-0
0
-0
0
0
-0
-0
-0
-0
0
0
-0
-0
-0
0
-0
-0
0
-0
0
0
-0
0
0
0
0
0
-0
0
0
0
-0
0
-0
-0
0
-0
0
0
0
-0
-0
0
0
0
0
-0
0
0
0
0
0
0
0
0
0
-0
0
0
0
0
0
0
0
-0
0
-0.00536148
-0.00721791
-0.0110237
-0.00198694
0.00290188
-0.0130106
-0.0139256
0.000914935
-0.00938576
0
-0
-0.00820684
0.000292988
-0.00632124
0.00785671
-0.00606886
0.014178
0.000252376
0
0
-0
-0
-0
-0
0
0
0
-0
-0
0
0
-0
0
0
0
-0
-0
-0
0
0
-0
0
-0
0
-0
0
-0
0
-0
-0
0
0
-0
0
0
0
-0
-0
0.00744242
0.00574859
-0
0.00169383
0.010822
0.00912812
-0
-0
0
-0
0
-0
-0
0
-0.00555412
0.0130355
-0.00386029
-0.0113417
0.0105647
-0.00266348
-0.00221358
0.0134854
-0.00583285
0.00197256
-0.00550886
0
0.0161284
-0.00544168
0
0.0106867
-0
-0
-0
-0
-0
0
-0
-0
0
-0
0
-0
-0
0
0
-0
0
0
-0
0
0
0
0
0
-0
0
-0.0116779
-0.0145798
-0.00097651
-0.0142858
-0.00921477
0
0
0
-0
0
-0
-0
-0
0
-0
-0
0
0
0
-0
-0
0
-0
-0
0
-0
-0
-0
0
0.00460205
0.0114146
0
0
-0
-0
-0
0
-0.00370151
0.00170086
-0.00540237
-0.00930913
-0.0147115
0
0
-0
0
0
-0
-0
0
-0.00631643
-0
0
0
-0
0
0
0
-0
-0
-0
0
0
0
-0
0
-0
-0
-0
-0
-0
-0
-0
-0
-0
0
0
0
-0
0
0.00332248
-0
-0
0
-0
-0
-0
-0
0
0
0
0
0
-0
-0
-0
-0
0
0
0
-0
0
0
-0
0
-0
-0
-0
-0
0
-0
-0
-0
0
0
-0
-0
0
0
-0
-0
0
-0
0
0
-0
-0
0
0
0
0
-0.0112937
-0
0
-0.014993
0.0113358
0.0115687
0.00790216
-0.00154548
0.0115056
-0.0130511
0
0.00883528
-0.017415
-0.000466601
0.0169484
0
-0
0
-0
-0
-0.0152214
0.00505862
0.00604522
-0.0101627
-0.00917613
-0.000986597
-0
0
-0
-0
0
0
-0
0
0
0
-0
0
-0.0166263
0.00159761
0.00842803
-0
-0
0
-0
-0
0
-0
0
0
0
-0
0
-0
-0
-0
-0
-0
-0.0126544
-0.00759581
0
-0
-0
-0
-0
0
-0
-0
0
0
0
-0
0
0
-0
0
-0
0
-0
-0
0
0
0
0
0
0
0
0
-0
0
-0
0
-0
0
0
0
-0
-0
0
-0
0
-0
-0
0
-0
-0
-0
-0
-0.012478
0.00203979
-0.00853957
-0.0145178
0.00393845
-0.0105794
0
0
0
-0
0
-0.00665231
-0.0140143
-0
0
0
-0.00206719
-0.00248603
-0.0126765
0.0158812
-0.0152462
-0
-0
-0.000815029
-0.00924306
0.0118615
0.00343347
0
0
-0
0
-0
-0
0
-0
-0
-0
-0
0
-0
0
-0
-0
0
0
-0
-0
0
-0
0
-0
0
0
0
0
-0
0
0
0
0
-0
-0
0
-0.00871598
0.00304238
0.00278959
0.0117584
0
0
0
0
0
0
0
0
-0
-0
-0
0
0
-0
-0.0120316
-0.0137996
-0.00874095
0
-0.0137365
-0
-0
0
-0
0
-0
-0.00965843
-0
0.00148484
-0
-0
-0.0168161
0.00827651
-0.0158295
0
-0
-0
-0
-0
0
0
0
0
0
-0
-0
-0
0
-0
-0
-0
0
0
0
-0
-0
-0
0
0
0
-0
-0
0
-0
0
-0
-0
0
0
0
0
0
-0
0
-0
0
0
-0
0
0
-0
0
0
0
0
-0
-0.00611496
-0
0.00840285
-0
-0
0
0
-0
-0
-0
0
-0
0
-0
0
0
-0
-0
-0
-0
0
-0
-0
0
-0
-0
-0
-0
-0
-0
-0
-0
-0.00989168
-0.00148882
-0.00412261
-0
0
0
-0
-0
-0
0
0
-0
0
0
-0
-0
0
0
0
0
0
0
-0
0
0
0
0
-0
0
0
-0
0
0
0
0
0
0
0
-0
-0
0
0
0
0
-0
0
0
0
0
-0
-0
0
-0
-0
0
0
0
0
0
0
-0
-0.0198773
-0
0
-0
0
0
-0
-0
-0
-0
-0
-0
-0
-0
-0
-0
-0
0
-0
0
-0
-0
-0
-0
0
-0
0
0
0
0
-0
0.00684773
0
0
-0
0
0
0
0.0102973
0.001292
0.00656521
0.00277986
0.000294
-0.00127051
-0.000636327
-0
0
-0
0.00793855
0.0133958
0.0042614
-0
0
-0
0
-0
-0
0
0
-0
0
0
0
0
0
0
0
0
0
0
0
0
0
-0
0
0
0
-0
-0
-0
-0
-0
-0
-0
-0
0
0
0
-0
0
0
-0
0
0
0
-0
0
0
-0
-0
0
0
0
0
-0
0
0
-0
0
-0
-0
-0
0
0
-0
0
-0
-0
0
0
0
-0
0
0
-0
-0
0
0
0
0
0
-0
0
-0
-0
-0
0
0
0
-0
0
0
-0
-0
-0
0
-0
-0
0
0
-0
0
-0
-0
-0
0
0
0
0
-0
-0
0
0
-0
-0
-0
-0
-0
0
0
-0
0
0
0.00768405
-0
0
0
0
0.0011782
-0
-0
-0
-0
-0
-0
-0
0
0
-0
0
-0
-0
0
-0
0
0
-0
-0
-0
0
-0
0
0
-0.00844951
-0.0173204
0.00782299
-0.00341722
-0
0
0
-0
-0
0
-0.0169648
-0.00938514
0
0
0
0
0
0
0
0
-0
-0
-0
-0
-0
-0
-0
0.00840719
-0.0126503
0.00895046
-0.00424308
-0.0131935
-0.0125951
0
0
-0
0
0
-0
-0
0
0
0
-0.0123317
0.00498873
-0.00346078
0
0
0
-0.0109548
-0
0.00571873
0
0
0
0
0
0
0
-0
0
0
-0
-0.00694178
-0
-0
0
0
-0
0
0
-0
0
0
-0
-0
0
0
-0
-0
0
0
-0
0
-0
-0
-0
-0
0
-0
0
-0
0
-0
0
-0
0
-0
0
-0
0
0
0
0
0
-0
0
0
0
0
-0.0155052
0
0
0
-0
0
0
-0
-0
-0
0
0.0105017
0.000320241
0.00298372
0.00813336
-0
0
0
0
-0
0
0
-0
0
-0
0
0
0
0
-0
0
0
-0
-0
-0
0
-0
-0
0.0134708
-0
-0.0038496
-0
0.00848208
0
0
0
-0
0
0
0
0
-0
0
0
0
-0
0
0
-0
0
-0
0
0
0
-0
-0
0
-0
-0
-0
0
-0
-0
0
-0
-0
-0
0
0
-0
0
0
-0
-0
0
0
0
-0
0
-0
0
0
0
0
0
0
0
0
-0
0
0
0
0
0
-0
0
-0
-0
-0
-0
-0
-0
0
0
0
0
-0
-0
0
-0
0
0
-0
-0
-0
-0
-0
-0
0
0
-0
-0
-0
-0
0
0
0
-0
0
0
0
-0
0
0
0
-0
0
-0
-0
-0
0
-0
-0
-0
0
0
-0
0
-0
-0
-0
-0
0
-0.00469368
-0
-0
0
0
0
0
-0
0
-0
-0
0
-0
0
0
-0
0
-0
-0
-0
-0
-0
0
-0
0
0
-0
-0
-0
-0
0
0
0
0
0
-0
0
0
0
-0
0
-0
0
0
0
-0
0
-0
-0.00984916
0.0148318
-0.0105704
-0.00387196
-0.00668725
0
-0.0102644
0
-0
-0
0
0
0
0.0183672
0.0103456
0
-0
-0.0136285
0
0
0
-0
-0
0
0
0
-0
-0
-0
-0
0
-0
-0
-0
-0
0
0
-0
0
0
-0
-0
-0
0
0
-0
0
0
0
-0
-0
-0
0
0
-0
-0
0
-0
0
-0
0
0
0
0
-0
0.00503108
0.00370574
-0
-0.0174122
0.000955065
-0.0109064
-0
-0
-0.0083462
-0.0129723
-0.0101932
0
0
-0
0
0
0
0.0180418
0
0
0
-0
-0
-0
0
-0
-0
0
0
-0
0
0
-0
0
0
0
-0
0
0
-0
-0
0
0
-0
0
-0
-0
-0
-0
-0
0
0
-0
0
0
0
0
0
0
0
-0
0
-0
0
0
-0
-0
0
-0
0
0
-0
-0
0
0
-0
0
0
-0
-0
-0
-0
0
0
0
0
0
-0
-0
-0
-0
-0
-0
0
0
-0.0106932
0.00758064
-0.00271874
-0
-0
0
-0
-0
-0
-0
-0
-0
0
0
-0
0
0
0
-0
0
-0
0
-0
0
0
-0
0
-0
0
-0
0
0
0
0
0
-0
-0
-0
0
-0
-0
0.00678199
0.0091207
0
0
0
0
-0
0
0.00592655
-0.0144204
-0.0104467
0.0147134
-0.00529975
0.00559273
0.0095841
0.00294433
-0.00654429
0.00948863
0
0
-0
-0
-0
-0
-0
-0
-0
0
0
0
0.0150746
0
-0
-0
-0
-0
-0
0
0
0
0
-0
-0
0
0
0
0
0
0
-0
-0
-0
0
0
0
0
-0
-0
0
0
-0
0
0
-0
-0
-0
-0
0
0
-0
-0
-0
-0
-0
0
-0
0
0
-0
-0
-0
0
0
0
0
0
-0
-0
0
0
-0
0
-0
0
-0
0
0
-0
0
-0
-0
0
0
-0
-0
0
0
0
0
-0
-0
0
-0
0
-0
0
0
0
0
-0
-0
0
0
-0
-0
-0
-0
-0
-0
0
0
-0
-0
-0
0.0118792
0.00420076
-0.00642742
-0
0
-0
-0
-0.017592
-0.0104158
-0.0096359
0.0185828
0.00945469
0.00724111
0
0
0
0
-0
0
-0
0
-0
0
0
-0
0
-0
0
-0
-0
0
-0
-0
-0
0
-0
-0
-0
0
-0
-0
0
-0
-0
-0
-0
-0
-0
-0
-0
-0
-0
-0
-0
0
-0
-0
0
0
0
0
-0
-0
-0
-0
0
0
-0
-0
0
-0
0
0
0
-0
-0
-0
-0
-0
-0
0
0
-0
-0
-0
0
0
0
-0
0
-0
0
-0.0181605
-0.00714385
-0
0.0106684
0.0110166
0
0
-0
-0
-0
-0
-0
0
-0
0
0
-0
0
-0
0
-0
-0
0
-0
0
-0
-0
0
-0
0
0
-0
-0
-0
-0
-0
-0
-0
-0
-0
-0
0
-0.00968873
-0.0113085
-0.012649
-0
-0
-0
-0
-0
-0
-0
0
0
0
0
0
-0
0
-0
0
0
-0
-0
0
0
-0
-0
-0
-0
0
-0
0
-0
-0
0
-0
-0
-0
0.00404695
0.0123203
0.00163361
-0
0
-0
0
-0
-0.00758308
0
-0
0
0
0
-0
-0
-0
0
-0
0
-0
0
-0
-0
0
0
-0
-0
-0
0
0
-0
0
-0
-0
0
0
-0
-0
0
0
0
-0
-0
0.00446251
0
-0.00682508
-0.00183841
-0.0103382
-0.000241122
0.00239297
-0.00741475
-0.00918341
-0
0
-0
0
0
-0
-0.0117013
0
-0.00809335
0
0
-0
-0
0
-0
-0.00140788
-0.0145161
-0.0102296
-0
-0
-0
0
0
-0
0
0
0
0
-0
0
0
0
0
0
0
0
0
-0
0
-0
0
0
0
0
0
0
0
0
0
0
-0
0
-0
-0
0
0
0
-0
0
-0
-0
0
0
-0
-0.00809559
-0.0047035
0
-0
0
-0
0
0
0
-0
-0
-0
0
0
-0
-0
-0
0
-0
-0
-0
-0
0
0
0
0
0
0
-0
0
0
-0
0
0
0
-0
-0
0
-0
0
0
-0
-0
0
-0
0
0
0
0
0
0
0
0
-0
0
0
-0
0
-0
0
0
-0
-0
-0
-0
-0
-0
0
0
0
0
0
-0
-0
0
-0
-0
-0
-0
-0
-0
-0
-0
-0
-0
0.00267692
0
0
-0
0
0
0
0
-0
-0
0
0
-0
0
0
-0
-0
-0
-0
-0
-0
-0
-0
-0
-0
0
0
-0
-0
-0
0
-0
0
-0
-0
-0
0
-0
-0
0
0
0
-0
0
-0
0
0
-0
0
0
-0
0
-0.0147038
0.00170036
-0
-0
0
-0
-0
-0
0
0
0
0
-0
0
0
-0
0
0
-0
0
-0
0
-0
0
0
-0
0
-0
0
-0
0
0
0
0
-0
-0
0
-0
0
0
-0
0
-0
0
0
-0
-0
0
0
0
0
-0
-0
0
-0
0
0
0
0
0
0
-0
-0
0
-0
-0.0109546
-0.0112074
0
0.0110797
0.00738296
-0.000425909
-0
-0
-0.0210386
0.00702427
-0.0126924
-0.00566809
-0
0
0
0
0
0
-0
0
-0
0
0
-0
0
-0
0
-0
0
0
-0
0
-0
0
0
-0
-0
0
-0
0
0
-0
-0
0
0
0
-0
0
-0
0
0
-0
0
0
0
-0
0
-0
-0
0
-0
0
0
-0.0060505
-0.00872921
-0.0138037
-0.00484201
0.00314442
-0.00798643
-0.000394474
-0.00953046
0
0
-0
0
-0
-0
0
-0
0
0
0
-0
-0
-0
0
0
0
-0
-0
0
0
-0
0
-0
-0
0
0
-0
0
-0
0
-0
-0
0
0
0
0
-0
0
-0
0.00682595
0
-0
-0
0
-0
-0
0
-0
0
-0
0
-0
0
-0
-0
-0
0
0
-0
0
0
0
-0
-0
0
0
-0
0
0
0
0
-0
-0
0
0
0
-0
-0
-0
-0
0
0.00717689
0
-0
-0
0
-0
-0
-0
-0
0
0
0
0
-0
0
-0
0
0
-0
0
0
0
0
-0
0
-0
-0
0
0
-0
-0
0
-0
-0
0
-0
-0
0
0
-0
0
0
0
0
0
0
0
-0
0
-0
-0
-0
-0
0
0
-0
0
-0
0
-0
-0
-0
-0
0
-0
-0
0
0
0
0
-0
-0
0
0
-0
-0
-0
-0
0
0
-0
0
0
-0
0
-0
-0
0
-0
-0
0
0
0
-0
0
-0
0
0
-0
-0
-0
-0
0
-0
-0
0
-0
-0
-0.00168821
-0.00686507
-0.00355073
-0
-0
0
-0
0
0
-0
-0
-0
0
0
-0
0
0
-0
-0
0
-0
0
-0
0
0
0
-0
0
-0
-0
0
-0
0
0
0
-0
0
0
-0
-0
0
0
-0
-0
-0
0
0
0
0
-0
0
-0
0
0
-0
-0
-0
0
0
0
0
-0
0
-0
0
-0
0
-0
-0
-0
0
0
0
0
-0
-0
-0
0
-0
0
0
-0
0
0
-0
-0
-0
-0
0
-0
0
-0
0
0
0
0
0
0
0
0
0
0
0
0
-0
0
-0
0
-0
-0
-0
0
-0
0
-0
-0
-0
0
0
0
-0
0
0
-0
0
-0
0
0
-0
0
0
-0
-0
-0
0
0
0
0
-0.00846752
0
0
-0
0
0
-0
0
-0
0
-0
0
-0
-0
-0
0
-0
-0
-0
-0
0
0
-0
-0
0
0
-0
0
0
0
-0
-0
0
0.00364124
0
-0
-0
-0
0
0
0
0
0
-0
0
-0
0
0
0
0
-0
0
-0
-0
-0
0
-0
0
0
0
0
-0
-0
-0
0
-0
0
-0
0
-0
-0
0
-0
-0
-0
-0
0.0052248
0.0117691
-0
-0
0
-0
0
0
-0
-0
-0
0
-0
0
-0
0
-0
-0
-0
0
-0
-0
-0
0
-0
0
-0
0
-0
0
0
0
-0
-0
0
0
0
0
0
-0
-0
0
0
0
-0
-0
0
0
-0
-0
-0
0
-0
-0
0
-0
-0
-0
0
-0
-0
-0
-0
0
0
0
0
0
-0
-0
0
-0
0
-0
0
0
-0
-0
0
0
-0
-0
-0.00892631
0
-0.014368
-0
-0
0
-0
-0
0
-0
-0
-0
-0
0
0
0
0
-0
0
0
-0
0
0
-0
-0
0
0
0
0
0
0
-0
-0
-0
0
0
0
-0
0
-0
0
0
-0
-0
0
0
-0
-0
-0
0
-0
0
0
0
0
-0
0
0
0
-0
-0
-0
0
0
0
-0
-0
0
-0
-0
0
-0
0
0
-0
0
-0
-0
0
-0
-0
-0
-0
0
0
-0
-0
-0
0
0
-0
-0
0
-0
0
0
-0
0
-0
-0
0
-0
-0
0
0
0
0
0
0
-0
0
-0
-0
-0
0
-0
0
0
0
0
0
-0
0
0
0
0
0
0
-0
-0
0
0
0
0
0
0
-0
-0
-0
-0
0
-0
-0
0
0
0
-0
-0
0
0
-0
-0
0
0
-0
-0.0145963
0
0
-0
-0
-0
-0
-0
-0
-0
-0
-0
-0
0
0
0
-0
-0
0
-0
-0
-0
-0
-0
-0
0
0
-0
-0
0
-0
-0
-0.00496938
-0.0103718
-0.00854555
0
0
-0
0
0
-0
0
0
0
-0
0
-0
0
0
-0
0
-0
0
0
-0
-0
0
-0
0
0
0
-0
-0
0
-0
-0
-0
-0
0.00399624
-0.00896562
-0
-0
0
0
0
-0
-0
-0
0
0
-0
0
-0
0
0
-0
0
0
-0
0
-0
0
0
0
0
0
0
-0
-0
0
0
0
0
-0
0
0
0
-0
-0
-0
-0
-0
-0
-0
0
0
0
-0
-0
-0
-0
0
-0
-0
-0
0
-0
-0
0
0
0
-0
-0
0
0
-0
-0
0
-0
0
-0
-0
-0
0
-0
-0
0
0
0
0
-0
0
-0
-0
-0
0
-0
-0
0
0
0
-0
-0
-0
0
-0
0
-0
-0
-0
-0
-0.0116345
0.00542743
0
-0.017062
-0.00500777
0.0120542
0
-0
0.00377274
-0
-0
0
-0
-0
-0
0
-0
0
0
-0
-0
-0
0
-0
0
0
0
0
0
0
-0
0
0
0
-0
-0
-0
0
-0
0
-0
0
0
-0
-0
-0
-0
0
-0
-0
0
0
0
-0
-0
0
-0
0
-0
-0
0
-0
0
0
0
-0
-0
-0
0
0
0
0
0
-0
0
0
-0
-0
-0
0
-0
0
-0
-0
-0
-0
-0
0
0
-0
0
0
-0
-0
0
0
-0
0
-0
0
-0
0
-0
0
0
0
0
-0
0
0
0
0
-0
0
-0
-0
0
0
0
0
-0
-0
0
0
-0
0
-0
-0
-0
-0
-0
-0
0
-0
-0.0106665
0
-0
-0
0
0
-0
-0
0
0
-0
0
0
-0
0
-0
-0
-0
0
-0
-0
-0
-0
0
0
0
-0
0
0
-0
-0
-0
-0
0
0
-0
0
0
-0
-0
0
0
0
-0
0
0
0.0163166
0
0
-0
0
0
-0
0
-0
0
-0
0
-0
0
0
0
0
-0
-0
0
0
0
0
-0
-0
-0
0
-0
-0
0.0118406
0.0142877
-0.00534036
0.0156968
0.0106382
0
-0
0
0
-0
-0
0
0
-0
-0
-0
-0
0
0
-0
-0
0
-0
0
-0
-0
0
0
-0
0
0
0
-0
-0
-0
-0
0
0
-0
-0
-0
0
-0
-0
0
-0
-0
-0
-0
0
0
0
0
0.0106864
0.00485075
-0.00583568
-0
0
-0
-0
-0
-0
-0
0
-0
-0
-0
0
-0
-0
0
-0
-0
-0
0
0
-0
-0
0
0
-0
-0
-0
0
0
-0
0
0
-0
-0
0
-0
0
-0
0
-0
-0
-0
-0
-0
0
0
-0
0
0
0
-0
-0
0
0
-0
-0
0
-0
-0
0
-0
-0
-0
0
0
0
0
-0
-0
0
0
-0
0
-0
-0
0
-0
0
0
0
-0
0
0
-0
-0
-0
-0
-0
-0
-0
0
-0
-0
-0
-0
-0
0
-0
-0
0
-0
0
-0
-0
0
-0
0
0
-0
-0
0
0
0
-0
-0
0
-0
-0
0
-0
0
-0
-0
0
0
0
0
0
-0
-0
-0
-0
0
0
-0
0
-0
0
-0
0
0
-0
-0
0
0
-0
0
0
0
0
0
0
0
-0
0
0
0
0
0
-0
-0
0
-0
0
-0
0
-0
0
0
-0
0
0
0
-0
0
0
-0
0
-0
-0
-0
-0
-0
0
-0
0
-0
0
0
-0
-0
0
-0
0
0
0
-0
-0
0
0
0
-0
0
0
-0
-0
0
0
0
-0
-0
0
-0
0
-0
-0
-0
-0
0
-0
0
0
-0
-0
0
-0
0
0
-0
0
0
-0
0
0
0
0
-0
0
0
0
-0
-0.000474841
0
0
-0.0143863
-0
-0.000116156
-0
-0
0
-0
0
0
-0
-0
-0
0
0
0
0
-0
-0
-0
0
-0
0
-0
-0
-0
-0
0
-0
0
-0
-0
-0
-0
0
0
-0
0
-0
-0
0
0
0
-0
-0
0
0
0
-0
0
0
-0
0
-0
0
0
0
-0
-0
-0.00643698
0.00389056
-0
-0
0
0
0
0
0.00247264
0.00141792
0
-0
-0.00951318
0
-0
-0.00615772
0
-0
0
0
-0
-0.0103157
0
0
0
-0
-0
0
0
0
-0
0
-0
0
-0
0
0
-0
-0
0
-0
0
-0
0
-0
-0
0
-0
0
-0
0
-0
-0
-0
0
0
0
0
0
0
0
0
0
-0
-0
0
0
0
-0
-0
0
0
0
-0
0
0
0
0
0
0
-0
-0
-0
-0
0
-0
-0
-0
0
-0
0
-0
-0
-0
0
0
0
0
-0
0
-0
-0
0
-0
0
0
0
0
-0
-0
0
0
0
-0
-0
0
-0
-0
-0
-0
-0
-0
-0
-0
-0
0
0
-0
0
0
0
-0
-0
0
-0
-0
0
-0
-0
-0
-0
0
-0
0
0
-0
0
0
0
0
-0
0
-0
-0
-0
-0
0
-0
-0
0
0
0
0
-0
0
0
0
0
-0
-0
0
0
0
0
-0
0
-0
0
-0
-0
0
0
0
0
-0
-0
0
0
0
-0
-0
0
-0
0
-0
0
-0
-0
0
-0
0
0
-0
-0
-0
0
0
-0
-0
-0
0
0
-0
-0
-0
0
0
0
-0
-0
-0
0
-0
0
0
-0
0
-0
-0
-0
-0
-0
0
0
0
0
-0
0
0
-0
-0
-0
-0
-0
-0
-0
-0
-0
-0
0
-0
-0
-0
-0
-0
-0
-0
-0
-0
0
0
0
-0
-0
-0
0
0
0
0
0
-0
0
0
0
-0
-0
-0
0
0
-0
0
0
-0
0
0
0
-0
0
0
0
-0
-0
0
-0
0
0
0
0
-0
0
-0
-0
0
0
0
0
0
0
0
-0
-0
-0
0
-0
-0
0
0
0
-0
0
0
-0
0
-0
-0
-0
-0
0
0
-0
-0
-0
-0
0
0
0
0
-0
0
-0
-0
-0
0
-0
-0
-0
0
0
0
-0
-0
-0
-0
-0
-0
0
-0
0
0
0
0
-0
0
-0
0
-0
0
-0
0
0
0
0
-0
0
0
0
-0
-0
0
-0
0
-0
0
0
-0
-0
0
-0
-0
0
0
0
0
-0
-0
-0
0
-0
-0
-0
-0
-0
0
-0
-0
0
0
-0
-0
0
0
0
0
-0
0
0
0
0
0
0
-0
-0
-0
-0
0
0
0
-0
-0
0
0
0
-0
0
0
0
0
-0
0
-0
0
-0
-0
0
-0
0
0
0
0
-0
-0
-0
0
-0
0
-0
-0
-0
0
-0
0
-0
0
-0
-0
0
0
0
-0
0
0
-0
-0
-0
-0
0
-0
0
0
0
-0
-0
0
0
-0
-0
0
-0
0
0
-0
-0
0
0
0
0
-0
-0
-0
0
0
0
0
-0
-0
0
-0
-0
-0
-0
-0
-0
0
0
0
-0
0
0
-0
-0
-0
-0
0
-0
-0
0
0
-0
0
0
0
0
-0
0
-0
-0
0
0
-0
-0
-0
-0
0
-0
-0
-0
0
-0
0
-0
-0
0
-0
-0
0
0
0
0
0
-0
0
-0
0
0
-0
0
0
0
-0
-0
-0
0
-0
0
-0
0
-0
0
0
0
0
0
-0
0
-0
0
-0
-0
-0
-0
-0
0
-0
-0
0
0
-0
0
0
-0
0
0
-0
-0
-0
-0
-0
-0
0
0
0
-0
0
0
-0
0
0
0
0
0
0
0
-0
-0
0
-0
0
0
-0
0
0
0
0
0
-0
0
-0
-0
-0
-0
-0
-0
0
0
0
0
0
0
-0
0
0
0
0
-0
0
-0
0
-0
0
0
0
0
0
0
0
0
0
-0
-0
-0
-0
-0
-0
-0
0
0
-0
-0
-0
0
-0
-0
-0
-0
-0
-0
0
0
0
-0
0
-0
0
0
-0
0
-0
-0
0
0
0
0
-0
-0
0
0
0
-0
-0
-0
-0
-0
-0
0
-0
0
0
0
0
-0
0
-0
-0
0
0
-0
0
-0
-0
0
-0
-0
0
0
0
0
0
-0
0
-0
0
-0
0
0
0
0
-0
0
-0
-0
-0
-0
-0
-0
-0
0
-0
-0
0
-0
-0
-0
0
-0
-0
0
0
-0
-0
-0
0
0
-0
-0
-0
0
-0
0
-0
0
0
-0
0
0
-0
-0
0
-0
0
-0
0
0
-0
0
-0
-0
-0
0
-0
-0
0
0
0
0
-0
-0
-0
0
-0
-0
-0
0
-0
0
-0
-0
-0
-0
-0
0
0
-0
0
-0
-0
-0
-0
-0
0
-0
-0
-0
-0
-0
-0
0
0
-0
-0
0
0
-0
-0
-0
0
0
-0
-0
-0
-0
0
0
0
0
-0
0
-0
-0
-0
0
-0
0
0
-0
-0
-0
-0
-0
-0
0
0
-0
-0
0
0
-0
0
0
-0
-0
-0
0
-0
0
0
-0
0
-0
0
0
0
0
-0
0
0
-0
0
-0
0
0
-0
-0
-0
-0
0
0
-0
-0
-0
-0
0
-0
0
0.00884699
-0
-0
-0
0
0
-0
-0
-0
0
-0
-0
-0
0
0
-0
-0
-0
0
0
0
0
-0
-0
-0
0
-0
0
-0
0
-0
0
-0
-0.00118156
-0
0
-0
0
0
-0
-0
-0
0
-0
-0
-0
0
-0
0
-0
0
0
-0
0
0
0
0
0
0
-0
0
0
-0
0
0
0
-0
-0
-0
-0
-0
-0
-0
-0
-0
0
0
-0
-0
-0
-0
-0
0
0
-0
0
-0
0
0
-0
0
0
0
0
0
0
-0
-0
-0
-0
-0
0
0
0
0
-0
0
-0
0
0
-0
0
0
-0
0
0
-0
-0
0
0
0
0
0
0
-0
-0
0
0
0
-0
-0
-0
0
0
-0
0
0
0
-0
-0
0
-0
-0
-0
-0
0
0
0
0
-0
-0
0
0
-0
0
0
-0
0
-0
-0
0
-0
-0
0
-0
0
0
-0
0
0
-0
-0
0
0
0
-0
-0
0
-0
0
0
0
-0
-0
0
-0
0
-0
0
-0
-0
-0
-0
-0
-0
-0
-0
-0
-0
-0
-0
-0
0
-0
0
0
0
-0
-0
0
0
-0
0
0
-0
-0
-0
-0
-0
-0
-0
-0
-0
-0
0
0
-0
0
0
-0
0
0
-0
0
-0
0
-0
0
0
-0
0
0
0
0
0
0
0
0
-0
-0
-0
0
-0
-0
0
0
0
0
0
-0
-0
-0
0
-0
0
0
0
-0
0
-0
0
0
0
0
-0
-0
0
0
-0
-0
0
0
-0
0
-0
-0
0
-0
0
-0
-0
0
-0
0
0
0
0
0
-0
0
0
-0
0
0
-0
-0
0
0
0
0
0
0
0
-0
-0.00581727
-0
0.000861781
-0
0
-0
0
0
0
0
-0
-0
-0
0
-0
-0
-0
0
-0
0
-0
0
0
0
0
0
-0
-0
0
0
-0
-0
0
0
-0
0
-0
-0
-0
-0
-0
0
0
-0
-0
-0
-0
-0
-0
-0
0
-0
0
0
-0
0
0
-0
0
-0
-0
-0
0
-0
-0
-0.0064251
0
-0
-0
-0
0
-0
-0
0
0
-0
0
0
0
-0
-0
0
0
-0
0
-0
0
0
-0
0
-0
-0
0
-0
-0
-0
-0
0
0
-0
0
0
0
0
-0
-0
0
0
0
-0
0
0
-0
0
-0
-0
0
-0
0
-0
0
-0
-0
0
0
-0
-0
-0
-0
-0
0
-0
-0
-0
0
-0
-0
-0
-0
0
0
0
-0
0
0
-0
0
0
-0
-0
-0
-0
0
0
-0
0
0
-0
-0
0
0
-0
0
0
0
0
-0
-0
0
-0
-0
-0
-0
0
-0
-0
0
-0
-0
0
-0
-0
-0
0
0
0
-0
-0
0
-0
0
0
-0
-0
-0
0
0
-0
0
-0
-0
0
0
0
0
0
-0
0.0115524
0
0.0027171
-0
-0
0
0
-0
0
-0
-0
-0.0151082
0
-0
0
0
-0
0
0
0
-0
0
0
-0
-0
0
-0
0
0
0
-0
-0
0
0
0
-0
-0
-0
0
0.00746957
0.00163389
-0
-0
-0
0
-0
-0
0
0
-0
-0
0
-0
0
-0
-0
0
-0
-0
-0
0
0
-0
0
0
-0
0
0
-0
-0
-0
0
-0
-0
0
-0
-0
0
0
-0
-0
-0
0
-0
0
-0
0
-0
0
-0
-0
0
0
0
-0
-0
-0
0
0
0
-0
0
-0
0
0.0142743
-0
0
-0
0
-0
0
-0
0
0
0
-0
-0
-0
0
0
0
0
-0
-0
0
-0
0
0
-0
0
-0
0
0
0
0
-0
0
-0
0
-0
0
-0
-0
0
0
0
0
-0
-0
0
0
-0
0
0
0
0
-0
0
0
-0
-0
0
-0
-0
-0
-0.00497243
-0.0115167
0
0
0
0
-0
-0
0
0
-0
0
0
0
-0
-0
0
-0
-0
0
-0
-0
-0
-0
-0
0
0
0
-0
0
-0
-0
0
0
-0
-0
-0
0
0
-0
-0
0
-0
0
-0
-0
-0
0
0
0
-0
-0
0
-0
0
0
0
0
0
-0
-0
-0
0
-0
-0
-0
0
0
0
0
0
0
-0
-0
0
0
0
-0
-0
0
0
-0
-0
0
-0
-0
0
0
-0
0
0
0
-0
0
0
-0
0
0
-0
0
0
0
-0
-0
0
0
0
0
0
-0
-0
-0
0
-0
-0
-0
0
-0
0
0
0
0
0
0
-0
0
-0
-0
-0
0
-0
-0
0
-0
0
0
0
-0
-0
0
0
-0
-0
0
0
0
0
-0
-0
0
-0
0
0
0
-0
-0
-0
0
-0
-0
-0
0
0
0
0
0
-0
0
0
0
0
-0
-0
-0
0
0
-0
-0
-0
0
-0
0
0
0
0
-0
0
-0
-0
0
-0
0
-0
-0
-0
-0
0
-0
-0
0.000663383
0.00976308
-0
0
-0
-0
-0
0
-0
0
0
-0
0
-0
-0
-0
0
0
-0
-0.00909077
0
0.00935003
0.0165969
0
0
-0
0
0
-0.00631674
-0.00463788
0.00768025
-0
0
-0
0
0
0
-0
-0
0
-0
0
0
0
-0
0
-0
-0
-0
0
0
-0
0
0
0
-0
-0
-0
0
0
-0
0
0
-0
0
-0
0
-0
-0
0
-0
-0
0
0
0
0
-0
0
0
0
-0
0
-0
-0
-0
0
-0
-0
0
0
-0
-0
-0
0
-0
-0
-0
-0
-0
-0
-0
0
-0
0
-0
-0
0
0
-0
0
-0
0
0
0
0
0
-0
-0
0
0
0
0
0
-0
0
0
-0
-0
-0
-0
0
-0
-0
0
-0
-0
-0
0
0
0
-0
-0
-0
-0.0094573
0
0
-0.00912858
0.00364842
0
0.0141521
-0
0.00502349
0
-0.0144902
0.000317663
-0
0.0148078
0.00831922
-0.0131583
-0.00666968
-0
-0
0
-0
-0
-0
0
0
0
0
-0.00559499
-0
0
0
-0
0
-0
-0
0
0
-0
-0
-0
0
-0
-0
-0
0
0.00307621
-0
-0
-0
0
-0
0
-0
0
-0
0
0
0
0
-0
-0
0
0
-0
0
-0
-0
-0
-0
0
0
-0
-0
-0
-0
0
0
-0
0
0
0
-0
-0
0
0
-0
0
0
0.017712
0
-0
0
0
0
0
-0
-0
-0
0
-0
-0
0
-0
-0
0
-0.0176213
-0
-0
-0
0
-0
-0
0
-0
0
-0
-0
-0
0
0
0
-0
-0
0
0
-0
-0
-0
-0
-0
0
0
0
0
0
-0
0
-0
0
0
-0
0
0
-0
0
0
-0
0
0
0
-0
0
-0
0
0
0
0
-0
0
0
-0
0
-0
-0
0
-0
0
0
0
0
0
-0
0
-0
0
-0
-0
0
0
-0
-0
0
0
0
-0
-0
0
-0
0
0
0
-0
0
0
0
-0
-0
-0
-0
-0
-0
-0
-0
-0
-0
0
-0
-0
-0
0
0
0
-0
0
0
-0
-0
-0
0
-0
0
0
-0
0
0
-0
0
0
0
-0
-0
0
-0
-0.0127246
-0
0
0
0
0
-0
0
-0
0
0
-0
0
0
0
0
-0
-0
0
0
-0
-0
0
-0
0
0
-0
-0
-0
-0
0
0
0
0
-0
0
0
0
0
-0
-0
-0
-0
-0
0
0
-0
-0
0
0
-0
0
0
0
0
0
0
0
-0
0
0
-0
-0
-0
-0
0
-0
0
-0
0
-0
-0
-0
-0
-0
0
0
-0
-0
0
-0.00679609
0
0
0
0
-0
-0
0
-0
0
0
0.0128316
0.0196468
0
-0
0
0
0
-0
0
0
-0
-0
-0
0
0
-0
-0
0
0
-0
-0
-0
-0
-0
-0
0
0
-0
0
-0
0
0
0
0
0
0
0
0
0
0
-0
0
0
-0
0
0
0
0
0
-0
0
-0
-0
-0
0
-0
-0
-0
-0
0
-0
-0
-0
0
-0
-0
-0
-0
0
0
-0
0
0
0
0
-0
-0
-0
0
-0
0
0
-0
-0
0
0
-0
-0
-0
-0
0
-0
0
-0
0
-0
0
-0
-0
-0
-0
-0
0
0
-0
0
0
0
0
0
-0
0
-0
-0
-0
0
-0
-0.0131415
0
-0
-0
-0
-0
0
-0
-0
-0
0
-0
-0
-0
-0
-0
0
-0
0
-0
-0
-0
-0
-0
0
-0
0
0
0
0
-0
0
0
-0
-0
-0
-0
-0
-0
-0
0
-0
0
0
0
-0
-0
-0
-0
0
-0
-0
0
0
-0
0
-0
-0
0
-0
-0
-0
0
0
-0
0
0
0
0
0
-0
0
-0
0
0
0
0
0
0
-0
-0
0
0
0
0
-0
0
0
0
-0
-0
-0
0
0
0
0
0
0
0
-0
-0
0
-0
0
-0
0
-0
0
0
0
0
-0
-0
-0
-0
-0
-0
0
0
-0
0
0
0
-0
0
0
-0
0
-0
-0
-0
0
0
-0
0
-0
-0
-0
0
0
0
-0
-0
-0
-0
-0
0
0
0
-0
0
0
-0
-0
0
0
-0
-0
0
0
0
-0
0
0
-0
-0
0
-0
0
0
0
-0
0
-0
0
-0
0
0
0
-0
0
0
0
0
-0
0
-0
-0
0
-0
0
0
-0
-0
0
0
-0
0
-0
0
-0
-0
0
-0
0
0
0
-0
-0
-0
-0
0
0
0
-0
0
0
-0
0
-0
-0
-0
-0
-0
0
0
0
-0
-0
0
-0
-0
0
0
0
-0
0
-0
-0
0
-0
0
-0
0
0
-0
0
-0
0
0
0
-0
-0
-0
0
-0
-0
-0
-0
-0
0
-0
-0
-0
0
0
0
-0
-0
0
-0
-0
0
-0
0
-0
0
-0
-0
0
-0
-0
-0
0
-0
0
-0
-0
0
-0
0
-0
0
-0
0
-0
0
0
-0
0
0
-0
0
-0
-0
-0
-0
0
0
0
-0
0
0
-0
0
0
-0
0
0
0
0
-0
0
-0
-0
-0
-0
-0
0
0
-0
0
-0
0
-0
0
-0
0
-0
0
0
0
-0
-0
0
0
-0
0
0
0
-0
0
0
0
0
-0
-0
0
-0
0
0
-0
-0
0
0
0
0
-0
0
0
-0
-0
-0
0
-0
-0
-0
0
0
0
-0
0
0
0
-0
-0
-0
0
-0
0
0
-0
-0
-0
-0
-0
0
0
-0
-0
0
-0
0
-0
-0
-0
-0
-0
-0
-0
-0
0
0
-0
-0
-0
0
0
0
-0
0
-0
0
0
-0
-0
-0
-0
0
-0
-0
-0
-0
-0
0
0
-0
0
0
0
0
-0
-0
0
-0
-0
0
0
-0
0
-0
0
0
-0
0
0
0
-0
-0
0
-0
-0
0
-0
-0
-0
0
-0
-0
0
0
-0
-0
-0
-0
0
0
0
-0
-0
-0
-0
-0
-0
0
0
-0
0
-0
-0
-0
-0
-0
0
0
0
0
0
-0
0
0
0
-0
-0
-0
-0
-0
0
-0
-0
0
0
-0
0
-0
0
-0
-0
0
-0
-0
-0
-0
0
0
0
0
0
0
-0
0
-0
0
0
-0
0
0
0
0
0
0
0
0
0
-0
-0
0
0
0
-0
-0
-0
-0.00402428
0.00827337
-0
-0
-0
0
-0
0
-0
0
0
-0
0
-0
0
-0
-0
0
-0
0
0
0
-0
0
0
0
0
0
0
-0
0
-0
0
-0
-0
0
-0
-0
-0
0
0
-0
-0
0
-0
0
0
0
-0
-0
0
0
0
-0
0
0
0
-0
-0
0
-0
0
0
0
-0
0
-0
0
0
-0
-0
-0
0
0
-0
-0
-0
-0
0
0
-0
0
-0
-0
0
-0
-0
-0
-0
0
0
-0
0
0
0
-0
-0
-0
-0
-0
0
0
0
-0
-0
0
0
0
0
0
-0
-0
0
0
0
0
0
-0
0
-0
-0
0
0
-0
-0
-0
0
-0
-0
-0
0
-0
0
0
0
0
0
0
-0
0
0
-0
-0
0
-0
-0
-0
0
0
-0
-0
-0
-0
-0
-0
0
-0
0
0
0
0
0.00777031
0.0099581
0
0
0
0
-0
-0
0
-0
0
-0
-0
-0
0
-0
0
0
-0
0
-0
-0
-0
0
-0
0
0
0
0
-0
0
0
-0
-0
0
0
-0
0
-0
0
-0
-0
0
0
-0
-0
-0
0
0
-0
0
0
-0
-0
0
0
0
0
-0
-0
-0
-0
-0
0
0
0
0
0
0
0
0
-0
-0
0
0
-0
-0
0
-0
-0
-0
0
-0
0
-0
-0
-0
0
0
-0
-0
-0
0
0
-0
-0
0
0
0
0
-0
0
0
0
0
-0
0
0
-0
-0
-0
-0
-0
0
0
0
0
0
-0
0
0
-0
-0
0
-0
-0
0
-0
-0
-0
0
-0
-0
0
0
0
-0
-0
0
-0
-0
-0
-0
-0
-0
0
-0
-0
0
-0
-0
-0
-0
0
0
-0
0
0
-0
-0
0
-0
0
-0
-0
-0
0
-0
0
-0
0
0
-0
-0
-0
0
-0.00485451
-0
-0
0
-0
-0
0
-0
-0
0
-0
-0
0
-0
0
-0
0
0
-0
0
-0
-0
0
0
0
-0
0
-0
-0
0
0
-0
0
-0
0
-0
0
0
0
-0
0
-0
-0
-0
0
0
-0
-0
-0
-0
-0
0
-0
0
0
-0
-0
0
0
-0
0
0
0
0
0
-0
-0
0
0
-0
0
0
0
-0
-0
-0
-0
0
-0
-0
-0
-0
0
-0
0
0
0
-0
0
0
0
0
-0
0
-0
0
0
0
-0
-0
-0
-0
-0
-0
-0
0
0
-0
-0
0.0136117
-0.0207364
0.01275
0
0
0
0
0
-0
0
0
-0
-0
-0
0
0
0
0
-0
0
-0
0
0
-0
0
0
-0
-0
0
0
-0
-0
-0
-0
0
0.00957257
-0.00858791
-0
0
0
-0
-0
-0
0
0
-0
0
-0
0
-0
0
0
0
0
-0
0
-0
0
-0
-0
-0
0
-0
-0
-0
0
-0
0
0
0
-0
-0
-0
-0
0
0
-0
-0
0
0
-0
-0
-0
-0
-0
0
0
0
0
-0
0
0
-0
-0
-0
0
-0
0
0
0
0
0
0
-0
0
0
-0
-0
-0
-0
-0
-0
0
0
0
-0
0
0
-0
0
-0
-0
0
0
-0
0
-0
-0
0
-0
-0
-0
-0
0
-0
-0
-0
-0
-0
-0
-0
-0
0
0
0
-0
-0
0
0
-0
0
-0
-0
-0
0
-0
0
0
0
0
0
0
0
-0
0
0
0
0
-0
-0
-0
-0
-0
0
-0
0
-0
0
-0
-0
0
-0
-0
0
0
0
0
0
0
-0
-0
-0
0
0
0
0
-0
0
0
-0
0
0
-0
-0
-0
0
-0
-0
0
-0
-0
0
0
0
0
-0
0
-0
0
0
0
0
0
0
-0
-0
0
-0
0
0
0
-0
0
-0
-0
0
0
0
-0
0
0
-0
-0
-0
-0
-0
-0
-0
0
0
0
0
-0
-0
-0
0
0
0
-0
0
-0
0
-0
-0
-0
0
-0
0
-0
0
0
0
0
-0
0
-0
-0
0
-0
-0
0
0
0
-0
-0
-0
0
-0
0
-0
-0
-0
-0
0
0
0
-0
-0
-0
-0
-0
-0
0
0
0
0
-0
0
-0
0
0
-0
0
-0
0
0
0
-0
0
0
0
0
-0
-0
0
0
0
0
0
-0
-0
0
0
-0
0
-0
-0
0
0
-0
0
-0
-0
-0
-0
0
0
-0
0
0
0
0
-0
-0
-0
0
-0
0
0
0
0
0
-0
-0
-0
-0
-0
-0
-0
0
-0
0
-0
0
-0
-0
-0
0
-0
0
0
0
0
-0
-0
0
0
0
0
0
0
-0
0
0
-0
0
-0
-0
-0
-0
-0
0
0
0
-0
0
-0
0
-0
-0
0
-0
0
-0
0
0
0
-0
0
0
0
0
-0
0
-0
0
-0
0
-0
0
0
0
0
-0
0
0
-0
-0
0
-0
-0
-0
-0
0
0
-0
0
0.00625339
0.0134303
0
0
-0
0
0
0
0
-0
-0
-0
-0
0
-0
0
0
0
-0
-0
-0
-0
0
0.0121485
-0.00544349
0.00497231
0
-0
-0
0
0
-0
0
0
-0
-0
0
-0
0
0
0
0
-0
-0
-0
0
0
-0
0
0
-0
-0
-0
0
-0
-0
-0
-0
0
-0
0
0
0
0
-0
-0
0
-0
-0
-0
-0
0
-0
0
-0
-0
0
-0
-0
0
0
-0
-0
0
-0
0
0
0
0
0
0
-0
0
0
-0
0
-0
-0
-0
0
0.00623672
0
-0
0
-0
0
0
-0
-0
0.021103
0.0129019
-0.00820106
0.0148662
0.00666519
-0
0
-0
0
0
-0
-0.0123911
-0
0
0
0
0
0.00747447
0
-0
0
0
0
-0
0
-0
-0
0
0.0158213
0
-0
-0
0
-0
-0
0
-0
-0
-0.00608849
0
-0
0
0
-0
0
-0
-0
-0
-0
0
0
-0
-0
-0
0
0
0
-0
-0
0
0
-0
-0
0
0
0
0
0
-0
0
0
0
0
-0
0
-0.0140255
0.0206407
0
-0
0
0
0
0
-0
0
-0
0
-0
-0
-0
0
-0
0
-0
0
0
-0
-0
0
0
0
-0
-0
-0
-0
0
0
-0
-0
-0
-0
0
-0
0
0
0
-0
-0
0
-0
-0
0
-0
-0
-0
-0
-0
0
0
-0
0
0
-0
0
-0
0
0
0
0
-0
0
0
-0
0
-0
-0
-0
-0
0
-0
-0
0
0
0
0
0
0
0
0
0
0
-0
-0
-0
-0
-0
0
0
-0
0
-0
-0
0
-0
0
0
0
-0
-0
-0
-0
-0
0
0
-0
0
-0
0
-0
-0
-0
0
0
0
-0
-0
0
-0
0
-0
0
0
-0
0
0
0
0
0
0
0
0
-0
0
-0
-0
0
0
0
-0
-0
0
0
0
-0
0
0
0
0
0
-0
-0
-0
-0
-0
0
0
-0
-0
-0
-0
-0
-0
-0
0
-0
-0
-0
-0
-0
0
0
-0
0
0
-0
0
-0
0
-0
0
-0
0
-0
0
0
-0
0
0
-0
-0
0
-0
0
-0
0
-0
0
0
-0
-0
-0
0
0
-0
-0
0
-0
0
-0
-0
0
0
0
-0
-0
0
0
0
-0
0
-0
-0
-0
-0
-0
0
-0
-0
-0
-0
-0
-0
0
-0
0
-0
-0
-0
0
0
-0
-0
-0
0
-0
-0
0
0
0
0
0
-0
0
-0
0
-0
0
0
0
-0
0
-0
-0
0
-0
0
-0
0
-0
0
0
0
-0
-0
-0
0
0.012717
0
-0
0
0
-0
0
-0
0
-0
-0
0
0
0
-0
0
0
0
-0
-0
0
-0
0
0
-0
-0
0.0042522
0
0
0
-0
0
-0
-0
0
0
0
0
-0
0
-0
0
0
0
-0
0
-0
-0
-0
-0
0
0.0111348
0
-0
-0
-0
0
0
-0
-0
-0
-0
-0
-0
-0
-0
0
-0
-0
0
-0
0
0
0
0
-0
0
-0
-0
0
-0
-0
0
0
-0
0
0
-0
-0
0
0
0
-0
0
-0
-0
0
0
0
0
-0
0
0
0
-0
0
-0
0
-0
-0
0
0
-0
0
0
0
0
-0
0
0
0
-0
-0
0
-0
0
0
0
0
0
-0
0
0
0
0
0
-0
-0
0
-0
0
-0
0
0
0
-0
-0
-0
0
0
-0
-0
-0
-0
0
-0
-0
-0
-0
0
0
-0
-0
-0
-0
0
0
-0
-0
-0
-0
-0
0
0
-0
-0
0
-0
-0
-0
0
-0
0
-0
0
-0
-0
0
0
0
-0
0
-0
0
-0
0
-0
-0
0
0
0
-0
-0
0
0
0
0
0
-0
0
0
-0
-0
-0
0
0
0
-0
0
-0
0
0
0
-0
-0
-0
-0
0
-0
0
0
0
0
-0
0
-0
0
-0
-0
0
-0
0
-0
-0
-0
0
0
0
0
0
0
0
-0
-0
-0
0
0
-0
-0
0
0
-0
0
0
0
0
0
0
0
0
0
0
0
-0
0
-0
-0
0
0
-0
-0
-0
-0
-0
-0
-0
-0
0
-0
-0
0
0
-0
0
-0
-0
0
0
0
0
0
-0
0
-0
0
-0
-0
-0
-0
0
-0
-0
-0
-0
0
0
0
-0
0
-0
-0
-0
-0
-0
0
0
0
0
-0
0
0
-0
-0
0
0
0
0
-0
0
-0
-0
-0
0
0
-0
-0
0
-0
-0
0
-0
-0
0
0
-0
-0
0
-0
-0
0
0
0
0
-0
-0
0
0
-0
-0
-0
-0
-0
0
-0
-0
0
-0
-0
-0
-0
-0
-0
-0
-0
-0
0
0
-0
0
0
-0
0
-0
-0
-0
-0
0
-0
-0
0
0
-0
0
-0
0
0
0
-0
0
0
-0
-0
-0
-0
0
0
0
0
-0
-0
0
0
0
-0
-0
-0
-0
0
-0
-0
-0
0
-0
0
0
-0
-0
-0
-0
0
-0
-0
0
0
0
-0
-0
-0
-0
-0
-0
-0
0
0
0
0
0
0
-0
-0
0
0
0
0
0
0
0
-0
0
-0
0
0
0
0
0
0
0
0
0
-0
-0
0
0
0
0
0
-0
-0
-0
0
-0
0
-0
0
-0
-0
-0
-0
-0
0
-0
-0
-0
-0
0
0
-0.0118765
-0
-0
-0
0
0
0
-0
-0
-0
-0
-0
-0
-0
0
-0
0
0
0
-0
0.00186251
-0
0
-0
-0
0
0
-0
-0
-0
0
0
0
-0
-0
0
0
0
0
-0
-0
-0
0
0
0
0
-0
0
0
0
0
0
0
0
0
-0
-0
0
0
-0
-0
0
0
0
-0
0
-0
-0
0
0
0
0
0
-0
0
0
0
-0
-0
-0
0
-0
0
0
0
0
-0
0
0
0
-0
0
0
-0
0
0
-0
0
0
-0
0
-0
-0
0
-0
0
0
0
0
0
0
0
-0
0
-0
-0
0
0
0
-0
0
-0
-0
0
-0
0
-0
0
0
-0
0
0
0
0
0
-0
0
0
-0
0
0
-0
-0
0
-0
0
-0
0
0
0
0
-0
0
-0
-0
0
0
-0
-0
0
0
0
-0
-0
-0
-0
-0
-0
0
0
-0
-0
0
0
0
-0
0
0
-0
0
0
-0
-0
-0
-0
0
0
-0
0
0
0
-0
0
0
-0
-0
0
-0
-0
0
-0
-0
0
0
0
0
-0
-0
-0
-0
-0
0
-0
-0
0
0
0
0
0
-0
0
0
-0
0
-0
-0
-0
-0
0
-0
-0
0
-0
-0
-0
0
-0
-0
0
0
0
-0
0
-0
-0
0
0
-0
0
-0
0
0
0
0
0
-0
-0
-0
0
-0
0
0
-0
0
-0
0
0
-0
-0
0
-0
0
-0
0
0
0
-0
0
-0
0
0
0
-0
-0
0
0
-0
0
-0
0
-0
0
0
0
0
0
-0
-0
-0
0
-0
-0
-0
0
0
0
0
-0
0
0
0
0
-0
0
-0
-0
-0
-0
-0
-0
0
-0
0
-0
0
0
0
0
-0
0
-0
-0
-0
-0
-0
0
0
-0
-0
0
0
-0
0
-0
-0
0
-0
-0
0
-0
0
-0
0
0
-0
-0
0
-0
0
0
-0
0
0
-0
0
-0
-0
0
-0
0
0
-0
0
-0
-0
0
-0
-0
0
-0
-0
-0
-0
-0
-0
-0
0
0
0
0
-0
0
0
-0
-0
-0
-0
-0
0
0
0
0
0
0
0.0007823
-0
-0
0
-0
-0
-0
0
-0
-0
0
0
-0.00554343
0
0.00597126
-0.00362444
0
-0
-0
0
0
-0
-0
-0
0
-0
-0
0.00973276
0
0.000464637
0
-0
-0
-0
0
0
0
-0
0
-0
-0
0
-0
0
-0
-0
-0
0
-0
-0
0
-0
0
0
-0
-0
0
-0
-0
0
0
0
0
0
0
-0
0
-0
0
-0
-0
-0
0
-0
0
0
0
0
0
-0
0
-0
0
-0
0
-0
-0
0
-0
-0
0
-0
0
-0
0
0
0
-0
-0
0
-0
0
0
0
-0
0
-0
-0
-0
0
-0
-0
0
-0
-0
0
0
0
-0
0
-0
-0
0
-0
-0
-0
-0
-0
0
0
0
-0
0
-0
-0
-0
0
-0
-0
0
-0
-0
-0
-0
0
0
-0
-0
-0
-0
0
-0
0
0
-0
0
0
-0
0
-0
0
0
-0
-0
-0
-0
-0
0
0
0
-0
0
-0
-0
0
0
-0
0
0
-0
-0
-0
-0
-0
-0
-0
-0
0
-0
0
0
0
-0
0
0
-0
0
0
-0
0
0
0
0
-0
0
-0
0
-0
0
-0
-0
-0
-0
-0
0
0
-0
0
0
0
-0
0
0
0
-0
0
-0
0
0
-0
-0
0
-0
0
0
-0
-0
-0
-0
-0
-0
0
0
-0
-0
0
0
0
0
-0
0
-0
0
0
-0
-0
-0
0
0
0
0
-0.0135894
0.00951426
-0
0
0
0
0
0
-0
-0
0
-0
-0
-0
-0
-0
0
0
0
-0
-0
0
-0
-0
-0
-0
-0
0
0
0
0
0
0
-0
0
0
-0
0
0
-0
-0
0
-0
-0
-0
0
-0
0
-0
-0
-0
-0
0
0
-0
-0
0
-0
0
0
-0
-0
-0
-0
-0
-0
0
0
0
0
-0
0
-0
-0
-0
0
-0
0
-0
0
0
-0
-0
-0
-0
-0
-0
0
0
0
0
-0
0
0
0
-0
-0
0
-0
0
0
-0
0
0
-0
-0
-0
-0
0
0
0.0131734
0
-0
-0
0
-0
0
-0
-0
0
-0
-0
0
0
0
-0
0
0
0
0
0
-0
0
0
0
0
0
0
0
0
0
-0
0
-0
0
-0
-0
0
0
0
-0
-0
0
-0
-0
0
0
0
0
0
0
0
0
-0
-0
0
-0
0
-0
-0
-0
-0
-0
-0
0
0
0
0
0
0
0
-0
-0
0
-0
0
0
0
-0
0
0
0
0
0
-0
-0
-0
0
0
-0
-0
-0
-0
0
-0
-0
0
-0
0
-0
-0
-0
0
0
0
0
-0
-0
0
-0
0
-0
-0
0
0
0
0
-0
-0
0
-0
0
0
0
0
0
0
0
0
0
-0
0
0
0
-0
0
0
0
0
0
0
-0
-0
0
0
0
0
0
-0
-0
0
-0
0
-0
0
-0
-0
-0
0
0
0
-0
-0
-0
0
-0
0
-0
0
-0
0
-0
-0
0
0
-0
-0
0
-0
-0
0
0
-0
0
0
-0
-0
0
0
0
0
0
-0
0
-0
0
-0
0
0
-0
0
0
-0
0
0
-0
0
-0
0
0
-0
-0
0
-0.00551298
-0
0
-0
-0
0
-0
0
-0
0
-0
-0
-0
-0
-0
-0
-0
-0
0
0
-0
-0
0
-0
0
-0
0
0
-0
-0
0
0
0
0
-0
-0
-0
-0
0
-0
-0
-0
0
-0
0
-0
0
-0
-0
0
-0
-0
-0.00978904
-0
0
0
-0
-0
-0
-0
-0
-0
0
-0.0172768
0.0009363
-0.00824711
0
0
-0
0
-0
0
-0
-0.0101125
-0
-0
-0
-0
0
0
-0
0
-0
-0
-0
-0
0
-0
-0
0
-0
0
-0
0
0
0
0
0
0
0
0
-0
0
0
0
0
-0
-0
-0
0
0
-0
0
-0
-0
-0
-0
-0
-0
-0
0
0
-0
0
0
0
-0
-0
-0
0
-0
-0
0
0
-0
0
-0
0
0
0
0
-0
0
0
0
-0
-0
-0
-0
0
0
-0
0
-0
-0
-0
0
-0
0
0
-0
0
-0
0
-0
0
-0
-0
-0
0
0
-0
0
-0
0
-0
0
-0
-0
-0
0
0
-0
-0
-0
-0
0
-0
-0
0
0
0
-0
-0
-0
-0
-0
0
-0
-0
0
0
0
0
-0
0
-0
0
0
0
0
-0
-0
0
-0
-0
0
0
0
-0
-0
0
-0
-0
-0
-0
-0
-0
-0
0
0
-0
0
0
0
0
0
-0
-0
-0
0
-0
0
-0
-0
-0
-0
0
0
-0
0
-0
-0
-0
-0
-0
-0
0
-0
-0
-0
0
0
0
0
0
-0
-0
-0
-0
-0
-0
0
-0
0
-0
0
0
0
-0
-0
-0
0
-0
0
-0
0.00488175
-0
-0
-0
0
0
0
0.00626903
-0
-0
0
0
0
-0
-0
0
0
0
-0
0
-0
-0
-0
-0
-0
0
-0
0
0
0
0
0
0
0
0
0
-0
-0
-0
-0
0
0
0
-0
-0
0
-0
0
0
0
-0
0
0
0
-0
-0
0
-0
-0
-0
0
-0
-0
0
0
0
-0
-0
0
-0
-0
0
-0
0
0
0
0
0
-0
0
0
0
-0
-0
0
-0
0
-0
-0
-0
0
0
0
0
0
0
-0
0
0
0
-0
0
-0
-0
-0
0
0
0
0
-0
-0
0
-0
-0
-0
-0
-0
-0
-0
0
-0
-0
0
0
-0
0
-0
-0
-0
-0
0
-0
0
-0
0
0
-0
-0
-0
0
0
0
-0
-0
0
-0
0
0
-0
-0
0
-0
0
-0
0
-0
0
0
-0
0
0
-0
-0
-0
0
0
0
0
-0
0
0
-0
-0
-0
0
-0
0
0
0
-0
-0
-0
0
-0
-0
-0
-0
0
0
0
-0
-0
-0
0
0
0
0
-0
-0
0
0
0
0
0
0
0
-0
0
0
0
-0
0
0
0
0
-0
-0
-0
-0
-0
0
0
0
-0
-0
-0
0
-0
0
-0
-0
0
-0
-0
-0
-0
-0
0
0
0
-0
-0
-0
-0
0
-0
0
0
-0
0
0
-0
0
-0
-0
0
-0
0
0
0
0
-0
-0
-0
0
-0
0
-0
-0
-0
-0
-0
-0
-0
-0
-0
-0
-0
0
-0
-0
0
-0
0
-0
0
0
0
-0
0
0
0
-0
-0
-0
0
-0
0
-0
-0
-0
-0
-0
0
-0
-0
0
0
-0
0
-0
-0
-0
0
0
-0
0
-0
-0
0
0
-0
0
0
0
-0
-0
-0
0
-0
-0
-0
-0
0
-0
-0
0
0
0
-0
0
0
-0
-0
0
0
0
-0
0
0
-0
0
-0
-0
-0
0
0
-0
-0
0
-0
0
0
-0
0
-0
-0
0
0
0
0
0
0
-0
0
0
0
0
0
0
0
-0
-0
0
0
-0
-0
0
0
-0
0
-0
-0
0
0
-0
-0
0
-0
0
0
-0
0
-0
0
0
0
-0
-0
0
0
0
-0
-0
0
-0
-0
-0
0
-0
-0
-0
-0
-0
-0
-0
-0
-0
-0
0
-0
-0
-0
-0
-0
0
0
-0
-0
0
0
-0
0
0
0
-0
-0
0
0
-0
-0
0
-0
0
-0
0
0
0
0
-0
-0
0
0
-0
0
-0
0
-0
0
0
0
-0
0
-0
-0
0
0
-0
-0
0
-0
0
-0
0
-0
0
-0
0
-0
-0
-0
0
-0
-0
0
-0
-0
0
-0
0
-0
-0
0
-0
-0
0
0
0
0
0
0
-0
-0
-0
0
0
-0
0
0
0
-0
0
0
-0
-0
-0
0
0
-0
0
0
0
-0
0
0
-0
0
0
-0
0
0
0
0.0117346
-0.00292397
0
-0
-0
-0
0
0
-0
0
0
0
-0
-0
-0
-0
0
-0
-0
0
-0
0
-0
-0
-0
-0
-0
-0
0
-0
0
-0
-0
-0
0
-0
-0
0
0
-0
0
-0
0
0
-0
-0
-0
-0
-0
-0
-0
0
0
0
-0
0
-0
0
0
0
0
0
0
0
-0
0
-0
0
0
0
0
0
-0
-0
0
0
0
0
0
0
0
0
0
0
0
0
-0
-0
0
-0
0
-0
0
0
0
-0
0
-0
0
-0
0
0
-0
0
-0
0
0
-0
0
0
0
-0
0
-0
-0
0
-0
-0
-0
0
0
-0
-0
0
0
-0
-0
0
-0
-0
-0
0
-0
-0
-0
0
-0
-0
-0
0
0
0
0
-0
0
-0
-0
-0
-0
-0
-0
-0
0
-0
-0
0
0
-0
-0
-0
0
0
0
-0
0
0
-0
0
0
-0
-0
0
0
-0
0
0
-0
0
0
0
0
0
0
0
-0
-0
-0
-0
0
-0
-0
-0
-0
-0
-0
0
0
-0
0
0
-0
0
-0
-0
-0
0
-0
0
0
0
-0
-0
0
-0
0
0
0
-0.00344062
-0
0
-0
-0
0
-0
0.0128699
-0.00164619
0
0
-0
-0
0
-0
0
0
-0
-0
0
-0
0
-0
-0
0
-0
0
-0
-0
-0
-0
-0
-0
0
0
-0
-0
0
-0
0
0
0
-0
-0
0
-0
0
0
-0
-0
0
0
0
-0
0
0
-0
-0
0
-0
-0
-0
0
0
-0
-0
-0
-0
0
-0
0
-0
0
0
-0
-0
-0
0
-0
0
-0
-0
0
-0
0
-0
-0
-0
-0
-0
-0
0
0
-0
-0
-0
-0
-0
0
0
-0
0
0
0
-0
0
0
0
0
-0
-0
-0
0
-0
-0
-0
-0
-0
0
-0
0
-0
-0
0
0
0
-0
0
-0
-0
-0
0
0
-0
-0
-0
-0
0
0
-0
0
0
0
-0
-0
0
-0
-0
-0
0
-0
0
-0
0
-0
-0
-0
-0
-0
-0
-0
-0
-0
0
0
-0
0
-0
0
-0
0
-0
-0
0
-0
0
-0
0
-0
0
0
-0
0.00536987
0
0
0
-0
0
0
0
-0
0
-0
0
0
0
0
0
0
0
-0
0
0
0
0
-0.0194246
-0
-0
0
0
0
-0
0
-0
-0
0
-0
0
-0
0
-0
-0
-0
0
-0
0
0
-0
-0
0
-0
0
0
0
0
0
-0
0
0
0
-0
0
0
-0
-0
-0
-0
-0
0
0
-0
-0
-0
-0
0
-0
0
-0
-0
-0
0
-0
0
0
0
0
0
-0
-0
-0
0
-0
-0
0
0
-0
0
0
-0
0
0
0
-0
0
-0
0
0
-0
0
0
0
-0
-0
0
0
-0
-0
0
0
-0
-0
0
-0
0
0
-0
-0
0
-0
-0
-0
0
0
-0
-0
0
-0
0
-0
0
0
-0
-0
0
0
-0
-0
-0
0
0
0
-0
-0
-0
-0
0
0
-0
0
0
0
0
0
0
-0
-0
0
0
-0
-0
-0
-0
0
-0
0
0
0
0
0
-0
-0
-0
0
-0
-0
0
-0
-0
0
0
0
0
0
-0
0
0
0
-0
-0
0
-0
-0
-0
0
0
0
-0
0
-0
-0
-0
-0
-0
0
-0
-0
-0
0
0
-0
-0
0
-0
0
0
0
-0
-0
0
-0
-0
0
0
-0
-0
0
-0
0
-0
0
-0
0
0
0
-0.0121162
-0
0
0
-0
-0
-0
0
0
-0
-0
0
0
-0
-0
-0
-0
-0
-0
-0
-0
0
-0
0
-0
0
-0
0
-0
-0
0
0
0
-0
-0
0
0
0
0
-0
0
0
-0
0
-0
-0
0
-0
-0
0
0
0
0
-0
-0
0
0
0
0
0
-0
0
-0
0
0
0
-0
-0
-0
0
0
0
0
-0
0
0
-0
-0
-0
-0
-0
0
-0
-0
0
0
0
0
0
-0
0
-0
-0
0
-0
-0
0
-0
0
0
-0
-0
-0
-0
0
-0
-0
0
-0
-0
0
-0
-0
0
-0
-0
-0
-0
0
0
-0
-0
-0
0
0.015004
-0
0
-0
-0
-0
-0
-0
-0
-0
-0
-0
-0
-0
-0
0
0
-0
0
-0
0
0
-0
0
-0
-0
-0
-0
-0
-0
-0
-0
0
-0
-0
0
0
0
0
-0
-0
-0
0
0
-0
0
0
-0
-0
-0
0
0
-0
0
0
0
-0
-0
0
-0
0
-0
0
0
-0
-0
0
-0
-0
-0
0
0
0
0
-0
0
-0
-0
-0
0
-0
0
-0
-0
0
-0
0
0
-0
-0
-0
0
0
-0
0
-0
0
0
0
0
-0
0
-0
-0
0
-0
0
-0
-0
-0
-0
0
0
0
0
0
0
0
-0
-0
0
-0
-0
0
0
0
-0
-0
-0
0
0
0
0
0
-0
-0
-0
-0
-0
-0
0
0
0
-0
-0
0
0
-0
-0
0
-0
-0
0
0
0
-0
-0
0
0
0
0
0
0
-0
-0
-0
0
0
-0
-0
0
0
-0
0
-0
-0
0
-0
0
-0
0
0
-0
0
0
0
-0
-0
-0
-0
0
-0
0
-0
0
0
-0
0
0
0
0
-0
-0
-0
-0
-0
0
-0
-0
-0
0
-0
0
0
0
-0
0
0
-0
0
0
0
-0
0.000138408
-0.0126116
-0
0
-0
-0.00436436
0
0
-0
0
-0
0
0
-0
-0
0
0
0
-0
-0
-0
0
0
0
-0
0
-0
-0
0
0
0
0
-0
0
-0
0
-0
-0
0
0
0
0
-0
0
-0
-0
0
0
0
-0
-0
-0
0
-0
0
0
-0
0
0
0
0
0
0
-0
-0
-0
-0
-0
-0
0
0
0
-0
0
-0
0
0.0115512
0
0
0
0
-0
-0
-0
-0
-0
0
0
0
-0
0
-0
-0
0
0
0
0
0
0
0
0
0
0
-0
0
0
-0
0
0
0
-0
-0
0
0
-0
0
-0
0
0
-0
-0
-0
0
0
0
-0
-0
0
0
-0
-0
0
0
0
-0
0
-0
0
-0
0
0
-0
-0
0
-0
0
-0
0
-0
0
0
-0
0
-0
0
0
-0
0
0
0
0
-0
0
-0
-0
0
-0
0
-0
0
0
-0
0
0
0
0
0
0
0
0
0
0
-0
-0
-0
0
0
0
0
0
-0
-0
0
-0
-0
0
-0
-0
0
0
-0
-0
-0
-0
0
-0
-0
0
0
-0
-0
-0
-0
0
0
-0
-0
0
0
-0
0
0
0
0
0
-0
0
-0
0
-0
-0
0
0
0
0
-0
0
0
-0
-0
0
0
0
-0
-0
0
0
-0
-0
0
-0
0
-0
0
-0
-0
-0
0
-0
-0
-0
-0
0
0
-0
0
-0
0
-0
-0
0
0
-0
-0
0
0
-0
0
0
0
-0
-0
-0
0
-0
0
-0
-0
0
-0
-0
0
-0
-0
-0
0
-0
-0
0
0
-0
-0
0
-0
0
0
0
0
-0
0
0
-0
0
-0
0
0
0
-0
0
0
-0
-0
-0
0
-0
0
-0
-0
0
-0
-0
-0
-0
-0
0
-0
0
0
0
-0
0
-0
0
-0
-0
0
-0
0
-0
0
-0
-0
0
-0
0
-0
0
-0
-0
-0
-0
0
0
-0
0
-0
0
-0
-0
0
0
0
0
0
0
-0
0
0
-0
0
-0
0
0
-0
0
0
0
-0
0
0
0
0
0
-0
-0
0
0
-0
0
0
0
0
0.0121006
-0
-0
0
0
-0
-0
0
-0
0
0
