FiniteElementSpace
FiniteElementCollection: ND_3D_P1
VDim: 1
Ordering: 0

0
0
0
-0
-0
0
0
0
0
-0
0.0414218
0
-0
0
0
-0.0581077
0
-0
0
-0.0719386
0
-0
-0
0.0489039
0.0074821
-0
0
-0
0
0
0
0
-0
0
0
0
0
-0
0
-0
0
-0
0
-0
0.0601871
-0
-0
-0.0637086
-0.0422534
-0
-0
0.0395536
0
-0
0
-0.0318072
-0.0761943
-0.0366407
-0.100349
-0.0518818
0.0152411
0.0414297
0.0300669
-0.0775759
0.0714966
-0.0361462
0.107643
-0
-0
-0
-0
0
-0.0421565
-0.0026921
0.0305691
-0.0394644
0.0727255
0.0332612
0.075657
0.0231483
-0.0319858
0.0525087
-0.0551341
-0.0189879
0.092669
0.0542334
-0.0384355
0.0565228
0.0180872
-0
-0
0
0
0
0
0.0293401
0.0177551
-0.0115851
-0.0537416
-0
0
-0
0
0
0
0
-0.0470482
-0.0563357
-0.0515408
-0.00928745
-0.0845966
-0.0860034
-0.0830772
0
-0
-0
0
0
0
0
0
0
-0
-0
0.0749824
0.0757092
0.0527116
-0.000726802
0.0222708
0.0229976
0.0149323
0
-0.0809888
0
-0.0660565
0
-0
0
-0
-0
0
-0
-0
-0
-0
0
0
0
-0
0
0
0
0.0268005
-0.042251
-0.0202473
0.0690515
0.00655322
-0.0624983
0.00237924
0.0291797
-0.0398718
-0.0994309
-0.00844392
-0.0356582
-0.090987
-0.0637727
-0.0272143
0.00290184
-0.0530521
-0.0243124
0.0559539
0.0287397
-0.0177592
-0.0868107
0
-0
0
-0
0
0
0
-0
0
-0
0
-0
0
-0
0
0
-0
0
-0
-0
-0
-0
0
-0
0
0
0
0
0
-0
-0
-0
-0
-0
-0
0
0
0
-0
0
0
0
0
-0
-0
-0
-0
-0
0
0
0
0
-0
0
-0
-0
-0
-0
0
0
0
-0
-0
0
0
0
0
-0
-0
-0
0
-0
0
0
0
-0
-0
-0
0
-0
-0
0.00284836
0
0
-0.069188
0
0
0.0104187
-0.029756
0
0.0680502
0
-0
-0.0578224
0.0265219
-0.0685167
-0.0313005
0.0106944
-0.0419949
0.0478093
0.0585037
0.0898042
0.00743501
0.037191
-0.0561978
-0.0636328
-0.0933888
0.0369704
0.0130761
-0.020852
0.0708985
0.0500465
0
-0.050608
0.039598
-0.0245256
-0.0206427
-0.0770976
-0.00388287
0.052572
0.0564549
-0
-0
0
-0
-0
-0
-0
-0
-0
-0
0
-0
0
-0
0
0
-0
-0
-0
0
-0
0
0
0
-0.109179
-0.0669193
-0.0468052
0.0201141
-0
0
-0
0
0
0
0
0
0
0
0
-0
-0
-0
0
0
0
-0
-0
0
-0
0
-0
0
0
0
0
-0
-0
-0
0
0
0
-0
-0
-0
-0
0
0
-0
-0
-0
-0
-0
-0
-0
-0
-0
0
-0
0
-0
-0
0
-0
0
-0
-0
0
-0
-0
-0
-0
0
-0
-0
-0
-0
0
0
-0
-0
-0
0
-0.0166859
-0
-0
-0
0
0
0.00930413
0.0620999
-0.0472186
-0.0527958
-0.00557715
-0.0245285
-0.0727174
-0.0972459
-0.0820049
-0.126113
0.0745719
-0.0838593
-0.0668902
-0.0273366
0.0525091
-0.0736036
-0.0220628
0
-0
-0
-0
0
-0
0
-0
0
-0
0
-0
0
-0
-0
-0
0
0
-0
0
0
0
-0
0
0
-0.00921666
-0.06283
0.00855088
0.0536133
-0.0177675
0.0713809
0.123246
0.070287
0.0698893
0.0529594
-0.0533572
-0.000397752
0.0839493
0.0318275
0.101717
0.0521217
0.0509345
-0.0507823
0.0419665
0.00896797
-0.0927488
-0
-0
0
-0
-0
0
-0
0
-0
0
0
-0
0
-0
0
0
0
0
-0
0
0
0
-0
0
0
0
-0
0
0
-0
-0
0
-0
-0
0
-0
0
-0
0
0
-0
-0
-0
0
-0
-0
0
-0
0
-0
0
0
-0
-0
0
-0
0
-0
0
-0
0
-0
0
0
0
0
0
0
0
0
0
0
-0
0
-0
0
-0
0
0
0
0
-0
-0
0
-0
0
0
-0
-0
-0
0
0
0
0
-0
-0
-0
0
-0
0
-0
0
-0
0
0
-0
-0
0
0
-0
0
0
0
-0
-0
0
-0
-0
-0
0
0
-0
0
-0
-0
-0
-0
-0
-0
0
-0
0
0
0
0
-0
0
-0
0
0
0
-0
-0
-0
-0
0
-0
0
0
0
-0
0
-0
-0
-0
0
-0
0
0
-0
-0
0
-0
-0
0
0
-0
0
-0
-0
0
-0
-0
-0
-0
0
-0
0
0
-0
-0
-0
0
-0
-0
0
-0
0
0
0
-0
-0
0
-0
0
0
-0
-0
0
-0
-0
0
0
0
-0
-0
-0
0
0
-0
-0
-0
-0
0
-0
0
0
0
0
0
0
-0
-0
0
0
-0
-0
-0
-0
0
-0
-0
-0
0
0
-0
0
-0
0
0
-0
0
-0
-0
0
-0
0
-0
0
0
-0
0
-0
0
0
-0
0
0
-0
-0
-0
0
-0
-0
0
0
-0
0
0
-0
0
-0
-0
-0
0
-0
0
-0
0
0
0
0
0
0
0
0
0
-0
-0
-0
0
0.0168962
-0.0356758
-0.0918768
0.0437148
-0.00885724
-0.048162
-0.100734
0.0597372
-0.0156616
0.0753988
0.05088
-0.0245188
-0.0741626
0
-0
-0
-0.0320077
0
-0
0
0
0
-0.00468518
-0.0555651
0
-0
0
0
0
-0
0
-0
0
0
0
-0
-0
0
-0
0
0
-0
-0
0
0
0
0
0
0
-0
-0
0
0
0
-0
-0
-0
-0
-0
0
-0
-0
-0
-0
-0
-0
-0
0
0
0
-0
0
-0
-0
-0
0
0
-0
0
0
-0
-0
-0
0
0
0
0
-0
-0
-0
0
-0
-0
-0
0
-0
-0
-0
-0
-0
0
0
0
-0
-0
0
-0
-0
-0
0
-0
-0
-0
-0
0
0
0
0
0
0
0
0
-0
-0
-0.0872875
-0.0256218
-0.0442189
0
0
-0.0185971
0
-0
0
0
0
0
0.00748364
-0.0227288
0.0517026
0.0302124
0.0744314
-0
0
0
0
0
-0
-0
0
0
0.0277935
-0.0195815
-0.0473749
0
0
0
0
0
-0
-0
0
-0.0940128
-0.0381786
0.0558342
-0.0466379
0.0223146
-0.0243233
0.0501081
0
-0
-0
0
-0
0
-0.0795699
0.0301349
-0.0459333
-0.109705
-0.0336366
-0.0760682
0.0570129
-0.022557
0.0871478
-0.0250649
-0.0820778
0.0418791
-0.0669439
-0.123957
-0
-0
0
-0
-0
0
-0.11974
-0.0401701
-0.062727
-0
-0
-0
0
-0
-0
-0
0
0
-0
0
0
-0
-0
-0
-0
0
0
-0
0
-0
0
-0
0
0
-0
0
-0
-0
0
-0
-0
0.0325027
0
0
0
0
-0
0
-0
-0
0
0
0
0
-0
-0
-0
-0
-0
-0
-0
0
-0
0
0.0789081
-0
0.00319894
0
0
-0
-0
0
-0
-0.12899
-0.0273836
0.101607
0.0488107
-0.0370682
-0
-0
0
0
-0
-0.044417
-0
-0.0820201
-0.0468217
-0.0331217
-0.0775387
-0.0799434
-0.0551422
0.011748
-0.0757757
-0.0875237
0.0514514
-0.0501551
0.0986229
0.00298364
-0.0498121
0
-0
0
-0
0
-0
0
0
-0
-0
-0
0
-0
-0
-0
-0
-0
-0
-0
-0
-0
0.0117096
-0
0
0
-0
0
0
0
-0
0
0
-0
0
-0
-0
0
-0
0
-0
0
-0
0
0
0
-0
-0
-0
-0
-0
-0
-0
0
-0
0
-0
0
-0
0
-0.06959
0.106558
0.0688141
0.0258264
-0.0377436
-0.0807313
0.0429877
-0
-0
0
0
0
-0
-0.00834824
-0
0
-0
-0
-0
0
-0
-0
-0
-0.0541962
0.0304004
0
0
0
0
0
0
-0
0
0
-0
-0
-0
0
0
-0
-0
-0
0
-0
0
-0
0
-0
0
-0
-0
0
0
0
0
0
0
-0
-0
0
0
0
0
0
0
0
0
0
-0
0
-0
0
-0
0
0
0
0
0
0
0
0
-0
0
-0
-0
-0
0
-0
0
-0
-0.00146913
0.0103133
-0.0728178
-0.0117824
-0.0713486
-0.0831311
-0.0435255
-0.0559054
0.000153024
-0.0992779
-0.0082909
0.0166148
-0.0595917
-0.0235393
-0.0762065
-0.00692456
-0
0
-0
0
0
0
0.00898328
-0.0538467
-0.0469222
0
0
-0
-0
0
0.104326
-0
-0.0919116
0.0661475
-0.0257641
0.0282928
0.094587
0.0540568
0
-0
-0
0.000900082
-0.0998201
-0
-0.0831343
0
0
0
-0
0
-0.0641443
0.00964966
-0.0189899
-0.073794
-0.00934027
-0.0584602
0.00861796
0.0670782
-0.0678005
-0.000722318
0
0.0153338
0
-0.072661
-0.0812789
0.10479
0.0977612
-0.055939
-0
-0
0
0.0639998
-0
0
-0
0
-0
0
0
0
0
0
-0
0.00160603
0
-0.0249677
-0
0.0265737
0
-0
-0
0
-0
0
0
-0
0
0
-0
0
0
0
0
0
-0
0
0
0
-0
-0
0
0
0
0
0
-0
0
-0
-0
0
0
0
0
-0
-0
-0
0
0
0.0715647
-0
-0.00091903
0
-0
-0.0929509
-0.058043
0.0050639
0.0135218
-0.0767659
0.0281197
-0.0299233
0.06509
0.0950133
0.0207853
0.0443047
-0.0201012
-0
0
-0.0734959
-0.0236838
0.00444794
-0.0281317
-0.0453642
0.0794303
0.0512986
0
0
-0.00307101
-0
-0.0515385
-0
0
0
-0
0
-0
0
0
0
-0
-0
-0
0
0
0
-0
0
-0
-0
-0
-0
-0
-0
0
0
-0
-0
-0
-0
-0
-0
0
-0
-0
-0
0
-0
-0
-0
0
-0
0
0
0
-0
0
0
0
0
0
0
-0
-0
0
-0
-0
-0
0
0
0
0
-0
0
-0
0
0
-0
0
-0
-0
-0
0
-0
-0
-0
-0
-0
-0
0
0
0.0604798
0
-0.0208897
-0
0
-0
0
0
0
-0
0
0
0
0
0
0
-0
0
-0
-0
-0
0
-0
-0
0
-0
0
-0
0
0
0
-0
-0
-0
-0
0
0
-0
0
0
0
-0.0252624
-0.0531056
-0
0
0
-0
0
0
0
-0
-0.0671433
0.0318863
-0.0949865
-0.035257
-0.0631002
-0
0
0
0
-0
0
0
0
-0
-0
0
-0
0
-0
0
-0
-0
-0
-0
-0
-0
-0
0
0
-0
-0
0
-0.110826
-0.0184727
-0.0731669
0.0923529
0.0376586
-0.0546943
-0.000196133
0.0651418
-0.0378548
-0.0653379
-0.0274831
0.00856485
0.0494922
-0.0461294
0.0409273
0.0956216
0
0.0531653
0.00703593
-0
-0
-0
-0.0888856
-0.0427562
-0
0.0270375
0.0858777
-0.0495454
-0
0
0
-0.035203
0.0299388
0.020736
0
0
-0
-0
-0
0
-0.0128174
0.0602139
0
0
-0.0242007
0.03059
-0
-0
0
-0
-0
0
0
-0.042676
-0.0957281
-0.0224621
-0.0562207
-0.0337586
-0
-0.0265968
0.0324818
-0
-0
0
0
0
-0
0
-0
0
-0
0
0
0
-0
-0
0
-0
0
-0
0
-0
-0
0
-0
-0
-0
-0
-0
-0
0
-0
-0
0
-0
-0
-0
-0
-0
0
0
0
-0
0
0
0
-0
-0
0
-0
-0
0
-0
-0
-0
0
-0
0
0
-0
0
0
-0
-0
0
0
-0
-0
-0
-0
-0
0
-0
0
-0
-0
0
-0
0
-0
0
0
-0
0
0
-0
-0
0
-0
-0
0
-0
-0
-0
-0
0
0
-0
0
0
0
-0
-0
0
0
-0
-0
0
-0
0
0
0
0
0
0
-0
0
0
0
0
-0
-0
0
-0
-0
-0
-0
-0
-0
-0
-0
-0
0.108152
-0.0418809
0
0.0792613
-0.0147516
-0
-0.0573971
0.0504579
0.0857149
-0.00693914
0.0283178
0.0389579
0.096355
0.0894158
0
0
-0
0
-0
0
-0
-0
-0
0
-0
0
0
0
-0
0
-0
-0
-0
0
0
-0
0
0
0
0
0
-0
0
0
-0
-0
0
-0
-0
-0
0
0
0
0
-0
0
0
-0
-0
0
0
-0
-0
0
-0
0
-0
0
0
-0
0
0.0762152
-0.0260317
0.0501835
0.0658451
0.0732213
-0.015515
-0.0539505
0.0387185
-0.00654581
-0.0452643
0.0471958
0.09246
0.0274096
0
0
-0
-0
0
-0
-0
-0
-0
-0
-0
-0
0
-0
-0
0
0
-0
-0
-0
-0.0832852
0.00974608
-0.0907689
-0.0930313
0.00226244
-0.0676167
-0.00159447
-0.0898243
0.0882298
-0
-0
0
0
0
-0
-0
-0
-0.101779
-0.0441634
-0.0576158
-0.0549739
0.00264186
-0.0453242
0.0344219
-0.0231939
0.0314233
-0.089039
0.00283777
0.0471896
0.0500274
0.108918
-0.101644
0.00727403
0.106276
-0.0990017
0
-0
0
-0
-0
-0
-0.0127401
-0.0642774
0
0
-0
-0
-0
-0
-0
-0
0
0
-0
-0
0
0
0
0
-0
-0
-0
0
-0
-0
0
-0
-0
-0
-0
0
0
0
-0
0
0
-0
-0
0
-0
0
0
0
-0
-0
-0
-0
-0
-0
0
-0
0
-0
0
-0
-0
0
0
0
-0
0
-0
0
-0
0
0
-0
0
0
0
0
0
-0
-0
0
-0.0349872
-0
0
-0.0559805
-0.0586724
0.0291928
-0
-0.0294795
0
0
0
0
-0
-0.0826944
-0.0348851
-0
-0
0
0
0
0
-0.00342671
-0.0393239
0.0358972
-0
-0
0
0
0
0
0
0
0
-0
-0
0
-0.0762182
0
0
0
0
-0
-0
-0
0
-0
0
-0
-0
0
-0
0
-0
0
-0
0
0
0
-0
-0
-0
-0
0
-0
-0
-0
0.00618258
-0.0243213
-0.0115189
0.0451889
-0.0695102
-0.0579913
0
-0
0
-0
0
0
-0
-0
-0
-0
0
0
-0
-0
-0
0
-0
-0
0
-0
0
0
-0
0
0
0
0
0
-0
0
0
0
-0
0
-0
-0
0
-0
0
0
0
-0
-0
0
0
0
0
-0
0
0
0
0
0
0
0
0
0
-0
0
0
0
0
0
0
0
-0
0
-0.0338179
-0.0455275
-0.0695328
-0.0125328
0.0183038
-0.0820656
-0.0878367
0.00577102
-0.0592014
0
-0
-0.0517653
0.00184805
-0.0398717
0.0495568
-0.0382798
0.0894285
0.00159188
0
0
-0
-0
-0
-0
0
0
0
-0
-0
0
0
-0
0
0
0
-0
-0
-0
0
0
-0
0
-0
0
-0
0
-0
0
-0
-0
0
0
-0
0
0
0
-0
-0
0.0469436
0.0362597
-0
0.010684
0.0682603
0.0575764
-0
-0
0
-0
0
-0
-0
0
-0.0350331
0.0822227
-0.0243491
-0.0715387
0.0666379
-0.0168001
-0.0139624
0.0850605
-0.0367912
0.0124421
-0.0347475
0
0.101731
-0.0343238
0
0.0674073
-0
-0
-0
-0
-0
0
-0
-0
0
-0
0
-0
-0
0
0
-0
0
0
-0
0
0
0
0
0
-0
0
-0.0736593
-0.0919631
-0.00615941
-0.0901087
-0.0581229
0
0
0
-0
0
-0
-0
-0
0
-0
-0
0
0
0
-0
-0
0
-0
-0
0
-0
-0
-0
0
0.0290278
0.0719987
0
0
-0
-0
-0
0
-0.0233476
0.0107283
-0.0340759
-0.0587181
-0.092794
0
0
-0
0
0
-0
-0
0
-0.0398414
-0
0
0
-0
0
0
0
-0
-0
-0
0
0
0
-0
0
-0
-0
-0
-0
-0
-0
-0
-0
-0
0
0
0
-0
0
0.0209568
-0
-0
0
-0
-0
-0
-0
0
0
0
0
0
-0
-0
-0
-0
0
0
0
-0
0
0
-0
0
-0
-0
-0
-0
0
-0
-0
-0
0
0
-0
-0
0
0
-0
-0
0
-0
0
0
-0
-0
0
0
0
0
-0.0712357
-0
0
-0.0945695
0.0715017
0.0729708
0.0498435
-0.00974824
0.0725723
-0.0823205
0
0.0557292
-0.109846
-0.00294312
0.106903
0
-0
0
-0
-0
-0.0960099
0.0319077
0.0381307
-0.0641022
-0.0578792
-0.00622304
-0
0
-0
-0
0
0
-0
0
0
0
-0
0
-0.104871
0.010077
0.0531605
-0
-0
0
-0
-0
0
-0
0
0
0
-0
0
-0
-0
-0
-0
-0
-0.0798188
-0.0479112
0
-0
-0
-0
-0
0
-0
-0
0
0
0
-0
0
0
-0
0
-0
0
-0
-0
0
0
0
0
0
0
0
0
-0
0
-0
0
-0
0
0
0
-0
-0
0
-0
0
-0
-0
0
-0
-0
-0
-0
-0.0787061
0.0128662
-0.053864
-0.0915723
0.0248421
-0.0667301
0
0
0
-0
0
-0.0419599
-0.0883962
-0
0
0
-0.0130389
-0.0156808
-0.0799582
0.100172
-0.0961669
-0
-0
-0.00514086
-0.0583013
0.0748174
0.0216569
0
0
-0
0
-0
-0
0
-0
-0
-0
-0
0
-0
0
-0
-0
0
0
-0
-0
0
-0
0
-0
0
0
0
0
-0
0
0
0
0
-0
-0
0
-0.0549767
0.01919
0.0175956
0.0741668
0
0
0
0
0
0
0
0
-0
-0
-0
0
0
-0
-0.0758904
-0.0870419
-0.0551342
0
-0.0866442
-0
-0
0
-0
0
-0
-0.0609213
-0
0.00936572
-0
-0
-0.106069
0.0522047
-0.0998457
0
-0
-0
-0
-0
0
0
0
0
0
-0
-0
-0
0
-0
-0
-0
0
0
0
-0
-0
-0
0
0
0
-0
-0
0
-0
0
-0
-0
0
0
0
0
0
-0
0
-0
0
0
-0
0
0
-0
0
0
0
0
-0
-0.0385706
-0
0.0530016
-0
-0
0
0
-0
-0
-0
0
-0
0
-0
0
0
-0
-0
-0
-0
0
-0
-0
0
-0
-0
-0
-0
-0
-0
-0
-0
-0.0623925
-0.00939087
-0.0260037
-0
0
0
-0
-0
-0
0
0
-0
0
0
-0
-0
0
0
0
0
0
0
-0
0
0
0
0
-0
0
0
-0
0
0
0
0
0
0
0
-0
-0
0
0
0
0
-0
0
0
0
0
-0
-0
0
-0
-0
0
0
0
0
0
0
-0
-0.125378
-0
0
-0
0
0
-0
-0
-0
-0
-0
-0
-0
-0
-0
-0
-0
0
-0
0
-0
-0
-0
-0
0
-0
0
0
0
0
-0
0.0431926
0
0
-0
0
0
0
0.0649508
0.0081494
0.0414106
0.0175342
0.00185443
-0.00801384
-0.00401368
-0
0
-0
0.050073
0.0844949
0.0268791
-0
0
-0
0
-0
-0
0
0
-0
0
0
0
0
0
0
0
0
0
0
0
0
0
-0
0
0
0
-0
-0
-0
-0
-0
-0
-0
-0
0
0
0
-0
0
0
-0
0
0
0
-0
0
0
-0
-0
0
0
0
0
-0
0
0
-0
0
-0
-0
-0
0
0
-0
0
-0
-0
0
0
0
-0
0
0
-0
-0
0
0
0
0
0
-0
0
-0
-0
-0
0
0
0
-0
0
0
-0
-0
-0
0
-0
-0
0
0
-0
0
-0
-0
-0
0
0
0
0
-0
-0
0
0
-0
-0
-0
-0
-0
0
0
-0
0
0
0.0484678
-0
0
0
0
0.00743158
-0
-0
-0
-0
-0
-0
-0
0
0
-0
0
-0
-0
0
-0
0
0
-0
-0
-0
0
-0
0
0
-0.053296
-0.10925
0.0493441
-0.0215544
-0
0
0
-0
-0
0
-0.107007
-0.0591975
0
0
0
0
0
0
0
0
-0
-0
-0
-0
-0
-0
-0
0.053029
-0.0797926
0.0564557
-0.0267635
-0.0832193
-0.0794448
0
0
-0
0
0
-0
-0
0
0
0
-0.077783
0.0314668
-0.0218291
0
0
0
-0.0690983
-0
0.0360714
0
0
0
0
0
0
0
-0
0
0
-0
-0.0437858
-0
-0
0
0
-0
0
0
-0
0
0
-0
-0
0
0
-0
-0
0
0
-0
0
-0
-0
-0
-0
0
-0
0
-0
0
-0
0
-0
0
-0
0
-0
0
0
0
0
0
-0
0
0
0
0
-0.0978002
0
0
0
-0
0
0
-0
-0
-0
0
0.0662404
0.00201994
0.0188201
0.0513018
-0
0
0
0
-0
0
0
-0
0
-0
0
0
0
0
-0
0
0
-0
-0
-0
0
-0
-0
0.0849682
-0
-0.0242816
-0
0.0535014
0
0
0
-0
0
0
0
0
-0
0
0
0
-0
0
0
-0
0
-0
0
0
0
-0
-0
0
-0
-0
-0
0
-0
-0
0
-0
-0
-0
0
0
-0
0
0
-0
-0
0
0
0
-0
0
-0
0
0
0
0
0
0
0
0
-0
0
0
0
0
0
-0
0
-0
-0
-0
-0
-0
-0
0
0
0
0
-0
-0
0
-0
0
0
-0
-0
-0
-0
-0
-0
0
0
-0
-0
-0
-0
0
0
0
-0
0
0
0
-0
0
0
0
-0
0
-0
-0
-0
0
-0
-0
-0
0
0
-0
0
-0
-0
-0
-0
0
-0.0296057
-0
-0
0
0
0
0
-0
0
-0
-0
0
-0
0
0
-0
0
-0
-0
-0
-0
-0
0
-0
0
0
-0
-0
-0
-0
0
0
0
0
0
-0
0
0
0
-0
0
-0
0
0
0
-0
0
-0
-0.0621244
0.0935529
-0.0666737
-0.0244227
-0.0421804
0
-0.0647436
0
-0
-0
0
0
0
0.115853
0.0652554
0
-0
-0.0859628
0
0
0
-0
-0
0
0
0
-0
-0
-0
-0
0
-0
-0
-0
-0
0
0
-0
0
0
-0
-0
-0
0
0
-0
0
0
0
-0
-0
-0
0
0
-0
-0
0
-0
0
-0
0
0
0
0
-0
0.0317339
0.0233743
-0
-0.109829
0.00602415
-0.0687932
-0
-0
-0.0526443
-0.081824
-0.0642945
0
0
-0
0
0
0
0.1138
0
0
0
-0
-0
-0
0
-0
-0
0
0
-0
0
0
-0
0
0
0
-0
0
0
-0
-0
0
0
-0
0
-0
-0
-0
-0
-0
0
0
-0
0
0
0
0
0
0
0
-0
0
-0
0
0
-0
-0
0
-0
0
0
-0
-0
0
0
-0
0
0
-0
-0
-0
-0
0
0
0
0
0
-0
-0
-0
-0
-0
-0
0
0
-0.067448
0.0478155
-0.0171487
-0
-0
0
-0
-0
-0
-0
-0
-0
0
0
-0
0
0
0
-0
0
-0
0
-0
0
0
-0
0
-0
0
-0
0
0
0
0
0
-0
-0
-0
0
-0
-0
0.0427779
0.0575295
0
0
0
0
-0
0
0.0373822
-0.0909581
-0.0658932
0.0928061
-0.0334286
0.0352766
0.0604525
0.0185716
-0.0412786
0.0598503
0
0
-0
-0
-0
-0
-0
-0
-0
0
0
0
0.0950844
0
-0
-0
-0
-0
-0
0
0
0
0
-0
-0
0
0
0
0
0
0
-0
-0
-0
0
0
0
0
-0
-0
0
0
-0
0
0
-0
-0
-0
-0
0
0
-0
-0
-0
-0
-0
0
-0
0
0
-0
-0
-0
0
0
0
0
0
-0
-0
0
0
-0
0
-0
0
-0
0
0
-0
0
-0
-0
0
0
-0
-0
0
0
0
0
-0
-0
0
-0
0
-0
0
0
0
0
-0
-0
0
0
-0
-0
-0
-0
-0
-0
0
0
-0
-0
-0
0.0749288
0.0264966
-0.0405415
-0
0
-0
-0
-0.110963
-0.0656985
-0.0607792
0.117213
0.0596362
0.0456738
0
0
0
0
-0
0
-0
0
-0
0
0
-0
0
-0
0
-0
-0
0
-0
-0
-0
0
-0
-0
-0
0
-0
-0
0
-0
-0
-0
-0
-0
-0
-0
-0
-0
-0
-0
-0
0
-0
-0
0
0
0
0
-0
-0
-0
-0
0
0
-0
-0
0
-0
0
0
0
-0
-0
-0
-0
-0
-0
0
0
-0
-0
-0
0
0
0
-0
0
-0
0
-0.114549
-0.0450604
-0
0.0672916
0.0694882
0
0
-0
-0
-0
-0
-0
0
-0
0
0
-0
0
-0
0
-0
-0
0
-0
0
-0
-0
0
-0
0
0
-0
-0
-0
-0
-0
-0
-0
-0
-0
-0
0
-0.0611124
-0.0713293
-0.0797846
-0
-0
-0
-0
-0
-0
-0
0
0
0
0
0
-0
0
-0
0
0
-0
-0
0
0
-0
-0
-0
-0
0
-0
0
-0
-0
0
-0
-0
-0
0.0255264
0.0777114
0.0103041
-0
0
-0
0
-0
-0.0478309
0
-0
0
0
0
-0
-0
-0
0
-0
0
-0
0
-0
-0
0
0
-0
-0
-0
0
0
-0
0
-0
-0
0
0
-0
-0
0
0
0
-0
-0
0.0281477
0
-0.0430497
-0.0115959
-0.0652092
-0.00152089
0.0150939
-0.0467691
-0.0579251
-0
0
-0
0
0
-0
-0.0738067
0
-0.0510495
0
0
-0
-0
0
-0
-0.00888029
-0.0915617
-0.0645242
-0
-0
-0
0
0
-0
0
0
0
0
-0
0
0
0
0
0
0
0
0
-0
0
-0
0
0
0
0
0
0
0
0
0
0
-0
0
-0
-0
0
0
0
-0
0
-0
-0
0
0
-0
-0.0510636
-0.0296677
0
-0
0
-0
0
0
0
-0
-0
-0
0
0
-0
-0
-0
0
-0
-0
-0
-0
0
0
0
0
0
0
-0
0
0
-0
0
0
0
-0
-0
0
-0
0
0
-0
-0
0
-0
0
0
0
0
0
0
0
0
-0
0
0
-0
0
-0
0
0
-0
-0
-0
-0
-0
-0
0
0
0
0
0
-0
-0
0
-0
-0
-0
-0
-0
-0
-0
-0
-0
-0
0.0168849
0
0
-0
0
0
0
0
-0
-0
0
0
-0
0
0
-0
-0
-0
-0
-0
-0
-0
-0
-0
-0
0
0
-0
-0
-0
0
-0
0
-0
-0
-0
0
-0
-0
0
0
0
-0
0
-0
0
0
-0
0
0
-0
0
-0.0927453
0.0107252
-0
-0
0
-0
-0
-0
0
0
0
0
-0
0
0
-0
0
0
-0
0
-0
0
-0
0
0
-0
0
-0
0
-0
0
0
0
0
-0
-0
0
-0
0
0
-0
0
-0
0
0
-0
-0
0
0
0
0
-0
-0
0
-0
0
0
0
0
0
0
-0
-0
0
-0
-0.0690971
-0.0706916
0
0.0698858
0.0465686
-0.00268645
-0
-0
-0.132702
0.0443062
-0.0800581
-0.0357519
-0
0
0
0
0
0
-0
0
-0
0
0
-0
0
-0
0
-0
0
0
-0
0
-0
0
0
-0
-0
0
-0
0
0
-0
-0
0
0
0
-0
0
-0
0
0
-0
0
0
0
-0
0
-0
-0
0
-0
0
0
-0.038164
-0.0550602
-0.0870679
-0.0305414
0.0198337
-0.050375
-0.00248817
-0.0601141
0
0
-0
0
-0
-0
0
-0
0
0
0
-0
-0
-0
0
0
0
-0
-0
0
0
-0
0
-0
-0
0
0
-0
0
-0
0
-0
-0
0
0
0
0
-0
0
-0
0.0430552
0
-0
-0
0
-0
-0
0
-0
0
-0
0
-0
0
-0
-0
-0
0
0
-0
0
0
0
-0
-0
0
0
-0
0
0
0
0
-0
-0
0
0
0
-0
-0
-0
-0
0
0.0452688
0
-0
-0
0
-0
-0
-0
-0
0
0
0
0
-0
0
-0
0
0
-0
0
0
0
0
-0
0
-0
-0
0
0
-0
-0
0
-0
-0
0
-0
-0
0
0
-0
0
0
0
0
0
0
0
-0
0
-0
-0
-0
-0
0
0
-0
0
-0
0
-0
-0
-0
-0
0
-0
-0
0
0
0
0
-0
-0
0
0
-0
-0
-0
-0
0
0
-0
0
0
-0
0
-0
-0
0
-0
-0
0
0
0
-0
0
-0
0
0
-0
-0
-0
-0
0
-0
-0
0
-0
-0
-0.0106485
-0.043302
-0.0223965
-0
-0
0
-0
0
0
-0
-0
-0
0
0
-0
0
0
-0
-0
0
-0
0
-0
0
0
0
-0
0
-0
-0
0
-0
0
0
0
-0
0
0
-0
-0
0
0
-0
-0
-0
0
0
0
0
-0
0
-0
0
0
-0
-0
-0
0
0
0
0
-0
0
-0
0
-0
0
-0
-0
-0
0
0
0
0
-0
-0
-0
0
-0
0
0
-0
0
0
-0
-0
-0
-0
0
-0
0
-0
0
0
0
0
0
0
0
0
0
0
0
0
-0
0
-0
0
-0
-0
-0
0
-0
0
-0
-0
-0
0
0
0
-0
0
0
-0
0
-0
0
0
-0
0
0
-0
-0
-0
0
0
0
0
-0.0534095
0
0
-0
0
0
-0
0
-0
0
-0
0
-0
-0
-0
0
-0
-0
-0
-0
0
0
-0
-0
0
0
-0
0
0
0
-0
-0
0
0.0229674
0
-0
-0
-0
0
0
0
0
0
-0
0
-0
0
0
0
0
-0
0
-0
-0
-0
0
-0
0
0
0
0
-0
-0
-0
0
-0
0
-0
0
-0
-0
0
-0
-0
-0
-0
0.0329559
0.0742345
-0
-0
0
-0
0
0
-0
-0
-0
0
-0
0
-0
0
-0
-0
-0
0
-0
-0
-0
0
-0
0
-0
0
-0
0
0
0
-0
-0
0
0
0
0
0
-0
-0
0
0
0
-0
-0
0
0
-0
-0
-0
0
-0
-0
0
-0
-0
-0
0
-0
-0
-0
-0
0
0
0
0
0
-0
-0
0
-0
0
-0
0
0
-0
-0
0
0
-0
-0
-0.0563034
0
-0.0906273
-0
-0
0
-0
-0
0
-0
-0
-0
-0
0
0
0
0
-0
0
0
-0
0
0
-0
-0
0
0
0
0
0
0
-0
-0
-0
0
0
0
-0
0
-0
0
0
-0
-0
0
0
-0
-0
-0
0
-0
0
0
0
0
-0
0
0
0
-0
-0
-0
0
0
0
-0
-0
0
-0
-0
0
-0
0
0
-0
0
-0
-0
0
-0
-0
-0
-0
0
0
-0
-0
-0
0
0
-0
-0
0
-0
0
0
-0
0
-0
-0
0
-0
-0
0
0
0
0
0
0
-0
0
-0
-0
-0
0
-0
0
0
0
0
0
-0
0
0
0
0
0
0
-0
-0
0
0
0
0
0
0
-0
-0
-0
-0
0
-0
-0
0
0
0
-0
-0
0
0
-0
-0
0
0
-0
-0.0920672
0
0
-0
-0
-0
-0
-0
-0
-0
-0
-0
-0
0
0
0
-0
-0
0
-0
-0
-0
-0
-0
-0
0
0
-0
-0
0
-0
-0
-0.0313448
-0.0654207
-0.0539017
0
0
-0
0
0
-0
0
0
0
-0
0
-0
0
0
-0
0
-0
0
0
-0
-0
0
-0
0
0
0
-0
-0
0
-0
-0
-0
-0
0.0252066
-0.0565514
-0
-0
0
0
0
-0
-0
-0
0
0
-0
0
-0
0
0
-0
0
0
-0
0
-0
0
0
0
0
0
0
-0
-0
0
0
0
0
-0
0
0
0
-0
-0
-0
-0
-0
-0
-0
0
0
0
-0
-0
-0
-0
0
-0
-0
-0
0
-0
-0
0
0
0
-0
-0
0
0
-0
-0
0
-0
0
-0
-0
-0
0
-0
-0
0
0
0
0
-0
0
-0
-0
-0
0
-0
-0
0
0
0
-0
-0
-0
0
-0
0
-0
-0
-0
-0
-0.0733857
0.034234
0
-0.10762
-0.0315869
0.0760328
0
-0
0.0237969
-0
-0
0
-0
-0
-0
0
-0
0
0
-0
-0
-0
0
-0
0
0
0
0
0
0
-0
0
0
0
-0
-0
-0
0
-0
0
-0
0
0
-0
-0
-0
-0
0
-0
-0
0
0
0
-0
-0
0
-0
0
-0
-0
0
-0
0
0
0
-0
-0
-0
0
0
0
0
0
-0
0
0
-0
-0
-0
0
-0
0
-0
-0
-0
-0
-0
0
0
-0
0
0
-0
-0
0
0
-0
0
-0
0
-0
0
-0
0
0
0
0
-0
0
0
0
0
-0
0
-0
-0
0
0
0
0
-0
-0
0
0
-0
0
-0
-0
-0
-0
-0
-0
0
-0
-0.0672797
0
-0
-0
0
0
-0
-0
0
0
-0
0
0
-0
0
-0
-0
-0
0
-0
-0
-0
-0
0
0
0
-0
0
0
-0
-0
-0
-0
0
0
-0
0
0
-0
-0
0
0
0
-0
0
0
0.102918
0
0
-0
0
0
-0
0
-0
0
-0
0
-0
0
0
0
0
-0
-0
0
0
0
0
-0
-0
-0
0
-0
-0
0.0746856
0.0901209
-0.0336847
0.0990089
0.0671012
0
-0
0
0
-0
-0
0
0
-0
-0
-0
-0
0
0
-0
-0
0
-0
0
-0
-0
0
0
-0
0
0
0
-0
-0
-0
-0
0
0
-0
-0
-0
0
-0
-0
0
-0
-0
-0
-0
0
0
0
0
0.0674055
0.0305965
-0.036809
-0
0
-0
-0
-0
-0
-0
0
-0
-0
-0
0
-0
-0
0
-0
-0
-0
0
0
-0
-0
0
0
-0
-0
-0
0
0
-0
0
0
-0
-0
0
-0
0
-0
0
-0
-0
-0
-0
-0
0
0
-0
0
0
0
-0
-0
0
0
-0
-0
0
-0
-0
0
-0
-0
-0
0
0
0
0
-0
-0
0
0
-0
0
-0
-0
0
-0
0
0
0
-0
0
0
-0
-0
-0
-0
-0
-0
-0
0
-0
-0
-0
-0
-0
0
-0
-0
0
-0
0
-0
-0
0
-0
0
0
-0
-0
0
0
0
-0
-0
0
-0
-0
0
-0
0
-0
-0
0
0
0
0
0
-0
-0
-0
-0
0
0
-0
0
-0
0
-0
0
0
-0
-0
0
0
-0
0
0
0
0
0
0
0
-0
0
0
0
0
0
-0
-0
0
-0
0
-0
0
-0
0
0
-0
0
0
0
-0
0
0
-0
0
-0
-0
-0
-0
-0
0
-0
0
-0
0
0
-0
-0
0
-0
0
0
0
-0
-0
0
0
0
-0
0
0
-0
-0
0
0
0
-0
-0
0
-0
0
-0
-0
-0
-0
0
-0
0
0
-0
-0
0
-0
0
0
-0
0
0
-0
0
0
0
0
-0
0
0
0
-0
-0.0029951
0
0
-0.0907424
-0
-0.000732662
-0
-0
0
-0
0
0
-0
-0
-0
0
0
0
0
-0
-0
-0
0
-0
0
-0
-0
-0
-0
0
-0
0
-0
-0
-0
-0
0
0
-0
0
-0
-0
0
0
0
-0
-0
0
0
0
-0
0
0
-0
0
-0
0
0
0
-0
-0
-0.0406017
0.02454
-0
-0
0
0
0
0
0.0155964
0.00894362
0
-0
-0.0600052
0
-0
-0.0388403
0
-0
0
0
-0
-0.0650669
0
0
0
-0
-0
0
0
0
-0
0
-0
0
-0
0
0
-0
-0
0
-0
0
-0
0
-0
-0
0
-0
0
-0
0
-0
-0
-0
0
0
0
0
0
0
0
0
0
-0
-0
0
0
0
-0
-0
0
0
0
-0
0
0
0
0
0
0
-0
-0
-0
-0
0
-0
-0
-0
0
-0
0
-0
-0
-0
0
0
0
0
-0
0
-0
-0
0
-0
0
0
0
0
-0
-0
0
0
0
-0
-0
0
-0
-0
-0
-0
-0
-0
-0
-0
-0
0
0
-0
0
0
0
-0
-0
0
-0
-0
0
-0
-0
-0
-0
0
-0
0
0
-0
0
0
0
0
-0
0
-0
-0
-0
-0
0
-0
-0
0
0
0
0
-0
0
0
0
0
-0
-0
0
0
0
0
-0
0
-0
0
-0
-0
0
0
0
0
-0
-0
0
0
0
-0
-0
0
-0
0
-0
0
-0
-0
0
-0
0
0
-0
-0
-0
0
0
-0
-0
-0
0
0
-0
-0
-0
0
0
0
-0
-0
-0
0
-0
0
0
-0
0
-0
-0
-0
-0
-0
0
0
0
0
-0
0
0
-0
-0
-0
-0
-0
-0
-0
-0
-0
-0
0
-0
-0
-0
-0
-0
-0
-0
-0
-0
0
0
0
-0
-0
-0
0
0
0
0
0
-0
0
0
0
-0
-0
-0
0
0
-0
0
0
-0
0
0
0
-0
0
0
0
-0
-0
0
-0
0
0
0
0
-0
0
-0
-0
0
0
0
0
0
0
0
-0
-0
-0
0
-0
-0
0
0
0
-0
0
0
-0
0
-0
-0
-0
-0
0
0
-0
-0
-0
-0
0
0
0
0
-0
0
-0
-0
-0
0
-0
-0
-0
0
0
0
-0
-0
-0
-0
-0
-0
0
-0
0
0
0
0
-0
0
-0
0
-0
0
-0
0
0
0
0
-0
0
0
0
-0
-0
0
-0
0
-0
0
0
-0
-0
0
-0
-0
0
0
0
0
-0
-0
-0
0
-0
-0
-0
-0
-0
0
-0
-0
0
0
-0
-0
0
0
0
0
-0
0
0
0
0
0
0
-0
-0
-0
-0
0
0
0
-0
-0
0
0
0
-0
0
0
0
0
-0
0
-0
0
-0
-0
0
-0
0
0
0
0
-0
-0
-0
0
-0
0
-0
-0
-0
0
-0
0
-0
0
-0
-0
0
0
0
-0
0
0
-0
-0
-0
-0
0
-0
0
0
0
-0
-0
0
0
-0
-0
0
-0
0
0
-0
-0
0
0
0
0
-0
-0
-0
0
0
0
0
-0
-0
0
-0
-0
-0
-0
-0
-0
0
0
0
-0
0
0
-0
-0
-0
-0
0
-0
-0
0
0
-0
0
0
0
0
-0
0
-0
-0
0
0
-0
-0
-0
-0
0
-0
-0
-0
0
-0
0
-0
-0
0
-0
-0
0
0
0
0
0
-0
0
-0
0
0
-0
0
0
0
-0
-0
-0
0
-0
0
-0
0
-0
0
0
0
0
0
-0
0
-0
0
-0
-0
-0
-0
-0
0
-0
-0
0
0
-0
0
0
-0
0
0
-0
-0
-0
-0
-0
-0
0
0
0
-0
0
0
-0
0
0
0
0
0
0
0
-0
-0
0
-0
0
0
-0
0
0
0
0
0
-0
0
-0
-0
-0
-0
-0
-0
0
0
0
0
0
0
-0
0
0
0
0
-0
0
-0
0
-0
0
0
0
0
0
0
0
0
0
-0
-0
-0
-0
-0
-0
-0
0
0
-0
-0
-0
0
-0
-0
-0
-0
-0
-0
0
0
0
-0
0
-0
0
0
-0
0
-0
-0
0
0
0
0
-0
-0
0
0
0
-0
-0
-0
-0
-0
-0
0
-0
0
0
0
0
-0
0
-0
-0
0
0
-0
0
-0
-0
0
-0
-0
0
0
0
0
0
-0
0
-0
0
-0
0
0
0
0
-0
0
-0
-0
-0
-0
-0
-0
-0
0
-0
-0
0
-0
-0
-0
0
-0
-0
0
0
-0
-0
-0
0
0
-0
-0
-0
0
-0
0
-0
0
0
-0
0
0
-0
-0
0
-0
0
-0
0
0
-0
0
-0
-0
-0
0
-0
-0
0
0
0
0
-0
-0
-0
0
-0
-0
-0
0
-0
0
-0
-0
-0
-0
-0
0
0
-0
0
-0
-0
-0
-0
-0
0
-0
-0
-0
-0
-0
-0
0
0
-0
-0
0
0
-0
-0
-0
0
0
-0
-0
-0
-0
0
0
0
0
-0
0
-0
-0
-0
0
-0
0
0
-0
-0
-0
-0
-0
-0
0
0
-0
-0
0
0
-0
0
0
-0
-0
-0
0
-0
0
0
-0
0
-0
0
0
0
0
-0
0
0
-0
0
-0
0
0
-0
-0
-0
-0
0
0
-0
-0
-0
-0
0
-0
0
0.0558031
-0
-0
-0
0
0
-0
-0
-0
0
-0
-0
-0
0
0
-0
-0
-0
0
0
0
0
-0
-0
-0
0
-0
0
-0
0
-0
0
-0
-0.00745276
-0
0
-0
0
0
-0
-0
-0
0
-0
-0
-0
0
-0
0
-0
0
0
-0
0
0
0
0
0
0
-0
0
0
-0
0
0
0
-0
-0
-0
-0
-0
-0
-0
-0
-0
0
0
-0
-0
-0
-0
-0
0
0
-0
0
-0
0
0
-0
0
0
0
0
0
0
-0
-0
-0
-0
-0
0
0
0
0
-0
0
-0
0
0
-0
0
0
-0
0
0
-0
-0
0
0
0
0
0
0
-0
-0
0
0
0
-0
-0
-0
0
0
-0
0
0
0
-0
-0
0
-0
-0
-0
-0
0
0
0
0
-0
-0
0
0
-0
0
0
-0
0
-0
-0
0
-0
-0
0
-0
0
0
-0
0
0
-0
-0
0
0
0
-0
-0
0
-0
0
0
0
-0
-0
0
-0
0
-0
0
-0
-0
-0
-0
-0
-0
-0
-0
-0
-0
-0
-0
-0
0
-0
0
0
0
-0
-0
0
0
-0
0
0
-0
-0
-0
-0
-0
-0
-0
-0
-0
-0
0
0
-0
0
0
-0
0
0
-0
0
-0
0
-0
0
0
-0
0
0
0
0
0
0
0
0
-0
-0
-0
0
-0
-0
0
0
0
0
0
-0
-0
-0
0
-0
0
0
0
-0
0
-0
0
0
0
0
-0
-0
0
0
-0
-0
0
0
-0
0
-0
-0
0
-0
0
-0
-0
0
-0
0
0
0
0
0
-0
0
0
-0
0
0
-0
-0
0
0
0
0
0
0
0
-0
-0.0366929
-0
0.00543575
-0
0
-0
0
0
0
0
-0
-0
-0
0
-0
-0
-0
0
-0
0
-0
0
0
0
0
0
-0
-0
0
0
-0
-0
0
0
-0
0
-0
-0
-0
-0
-0
0
0
-0
-0
-0
-0
-0
-0
-0
0
-0
0
0
-0
0
0
-0
0
-0
-0
-0
0
-0
-0
-0.0405268
0
-0
-0
-0
0
-0
-0
0
0
-0
0
0
0
-0
-0
0
0
-0
0
-0
0
0
-0
0
-0
-0
0
-0
-0
-0
-0
0
0
-0
0
0
0
0
-0
-0
0
0
0
-0
0
0
-0
0
-0
-0
0
-0
0
-0
0
-0
-0
0
0
-0
-0
-0
-0
-0
0
-0
-0
-0
0
-0
-0
-0
-0
0
0
0
-0
0
0
-0
0
0
-0
-0
-0
-0
0
0
-0
0
0
-0
-0
0
0
-0
0
0
0
0
-0
-0
0
-0
-0
-0
-0
0
-0
-0
0
-0
-0
0
-0
-0
-0
0
0
0
-0
-0
0
-0
0
0
-0
-0
-0
0
0
-0
0
-0
-0
0
0
0
0
0
-0
0.0728675
0
0.0171383
-0
-0
0
0
-0
0
-0
-0
-0.095296
0
-0
0
0
-0
0
0
0
-0
0
0
-0
-0
0
-0
0
0
0
-0
-0
0
0
0
-0
-0
-0
0
0.0471149
0.0103059
-0
-0
-0
0
-0
-0
0
0
-0
-0
0
-0
0
-0
-0
0
-0
-0
-0
0
0
-0
0
0
-0
0
0
-0
-0
-0
0
-0
-0
0
-0
-0
0
0
-0
-0
-0
0
-0
0
-0
0
-0
0
-0
-0
0
0
0
-0
-0
-0
0
0
0
-0
0
-0
0
0.0900362
-0
0
-0
0
-0
0
-0
0
0
0
-0
-0
-0
0
0
0
0
-0
-0
0
-0
0
0
-0
0
-0
0
0
0
0
-0
0
-0
0
-0
0
-0
-0
0
0
0
0
-0
-0
0
0
-0
0
0
0
0
-0
0
0
-0
-0
0
-0
-0
-0
-0.031364
-0.0726426
0
0
0
0
-0
-0
0
0
-0
0
0
0
-0
-0
0
-0
-0
0
-0
-0
-0
-0
-0
0
0
0
-0
0
-0
-0
0
0
-0
-0
-0
0
0
-0
-0
0
-0
0
-0
-0
-0
0
0
0
-0
-0
0
-0
0
0
0
0
0
-0
-0
-0
0
-0
-0
-0
0
0
0
0
0
0
-0
-0
0
0
0
-0
-0
0
0
-0
-0
0
-0
-0
0
0
-0
0
0
0
-0
0
0
-0
0
0
-0
0
0
0
-0
-0
0
0
0
0
0
-0
-0
-0
0
-0
-0
-0
0
-0
0
0
0
0
0
0
-0
0
-0
-0
-0
0
-0
-0
0
-0
0
0
0
-0
-0
0
0
-0
-0
0
0
0
0
-0
-0
0
-0
0
0
0
-0
-0
-0
0
-0
-0
-0
0
0
0
0
0
-0
0
0
0
0
-0
-0
-0
0
0
-0
-0
-0
0
-0
0
0
0
0
-0
0
-0
-0
0
-0
0
-0
-0
-0
-0
0
-0
-0
0.00418434
0.0615814
-0
0
-0
-0
-0
0
-0
0
0
-0
0
-0
-0
-0
0
0
-0
-0.0573408
0
0.0589761
0.104686
0
0
-0
0
0
-0.0398433
-0.0292538
0.0484438
-0
0
-0
0
0
0
-0
-0
0
-0
0
0
0
-0
0
-0
-0
-0
0
0
-0
0
0
0
-0
-0
-0
0
0
-0
0
0
-0
0
-0
0
-0
-0
0
-0
-0
0
0
0
0
-0
0
0
0
-0
0
-0
-0
-0
0
-0
-0
0
0
-0
-0
-0
0
-0
-0
-0
-0
-0
-0
-0
0
-0
0
-0
-0
0
0
-0
0
-0
0
0
0
0
0
-0
-0
0
0
0
0
0
-0
0
0
-0
-0
-0
-0
0
-0
-0
0
-0
-0
-0
0
0
0
-0
-0
-0
-0.0596526
0
0
-0.0575793
0.0230127
0
0.0892653
-0
0.031686
0
-0.0913978
0.00200368
-0
0.0934014
0.0524741
-0.0829969
-0.0420695
-0
-0
0
-0
-0
-0
0
0
0
0
-0.0352909
-0
0
0
-0
0
-0
-0
0
0
-0
-0
-0
0
-0
-0
-0
0
0.0194034
-0
-0
-0
0
-0
0
-0
0
-0
0
0
0
0
-0
-0
0
0
-0
0
-0
-0
-0
-0
0
0
-0
-0
-0
-0
0
0
-0
0
0
0
-0
-0
0
0
-0
0
0
0.11172
0
-0
0
0
0
0
-0
-0
-0
0
-0
-0
0
-0
-0
0
-0.111148
-0
-0
-0
0
-0
-0
0
-0
0
-0
-0
-0
0
0
0
-0
-0
0
0
-0
-0
-0
-0
-0
0
0
0
0
0
-0
0
-0
0
0
-0
0
0
-0
0
0
-0
0
0
0
-0
0
-0
0
0
0
0
-0
0
0
-0
0
-0
-0
0
-0
0
0
0
0
0
-0
0
-0
0
-0
-0
0
0
-0
-0
0
0
0
-0
-0
0
-0
0
0
0
-0
0
0
0
-0
-0
-0
-0
-0
-0
-0
-0
-0
-0
0
-0
-0
-0
0
0
0
-0
0
0
-0
-0
-0
0
-0
0
0
-0
0
0
-0
0
0
0
-0
-0
0
-0
-0.0802612
-0
0
0
0
0
-0
0
-0
0
0
-0
0
0
0
0
-0
-0
0
0
-0
-0
0
-0
0
0
-0
-0
-0
-0
0
0
0
0
-0
0
0
0
0
-0
-0
-0
-0
-0
0
0
-0
-0
0
0
-0
0
0
0
0
0
0
0
-0
0
0
-0
-0
-0
-0
0
-0
0
-0
0
-0
-0
-0
-0
-0
0
0
-0
-0
0
-0.0428668
0
0
0
0
-0
-0
0
-0
0
0
0.0809362
0.123924
0
-0
0
0
0
-0
0
0
-0
-0
-0
0
0
-0
-0
0
0
-0
-0
-0
-0
-0
-0
0
0
-0
0
-0
0
0
0
0
0
0
0
0
0
0
-0
0
0
-0
0
0
0
0
0
-0
0
-0
-0
-0
0
-0
-0
-0
-0
0
-0
-0
-0
0
-0
-0
-0
-0
0
0
-0
0
0
0
0
-0
-0
-0
0
-0
0
0
-0
-0
0
0
-0
-0
-0
-0
0
-0
0
-0
0
-0
0
-0
-0
-0
-0
-0
0
0
-0
0
0
0
0
0
-0
0
-0
-0
-0
0
-0
-0.0828911
0
-0
-0
-0
-0
0
-0
-0
-0
0
-0
-0
-0
-0
-0
0
-0
0
-0
-0
-0
-0
-0
0
-0
0
0
0
0
-0
0
0
-0
-0
-0
-0
-0
-0
-0
0
-0
0
0
0
-0
-0
-0
-0
0
-0
-0
0
0
-0
0
-0
-0
0
-0
-0
-0
0
0
-0
0
0
0
0
0
-0
0
-0
0
0
0
0
0
0
-0
-0
0
0
0
0
-0
0
0
0
-0
-0
-0
0
0
0
0
0
0
0
-0
-0
0
-0
0
-0
0
-0
0
0
0
0
-0
-0
-0
-0
-0
-0
0
0
-0
0
0
0
-0
0
0
-0
0
-0
-0
-0
0
0
-0
0
-0
-0
-0
0
0
0
-0
-0
-0
-0
-0
0
0
0
-0
0
0
-0
-0
0
0
-0
-0
0
0
0
-0
0
0
-0
-0
0
-0
0
0
0
-0
0
-0
0
-0
0
0
0
-0
0
0
0
0
-0
0
-0
-0
0
-0
0
0
-0
-0
0
0
-0
0
-0
0
-0
-0
0
-0
0
0
0
-0
-0
-0
-0
0
0
0
-0
0
0
-0
0
-0
-0
-0
-0
-0
0
0
0
-0
-0
0
-0
-0
0
0
0
-0
0
-0
-0
0
-0
0
-0
0
0
-0
0
-0
0
0
0
-0
-0
-0
0
-0
-0
-0
-0
-0
0
-0
-0
-0
0
0
0
-0
-0
0
-0
-0
0
-0
0
-0
0
-0
-0
0
-0
-0
-0
0
-0
0
-0
-0
0
-0
0
-0
0
-0
0
-0
0
0
-0
0
0
-0
0
-0
-0
-0
-0
0
0
0
-0
0
0
-0
0
0
-0
0
0
0
0
-0
0
-0
-0
-0
-0
-0
0
0
-0
0
-0
0
-0
0
-0
0
-0
0
0
0
-0
-0
0
0
-0
0
0
0
-0
0
0
0
0
-0
-0
0
-0
0
0
-0
-0
0
0
0
0
-0
0
0
-0
-0
-0
0
-0
-0
-0
0
0
0
-0
0
0
0
-0
-0
-0
0
-0
0
0
-0
-0
-0
-0
-0
0
0
-0
-0
0
-0
0
-0
-0
-0
-0
-0
-0
-0
-0
0
0
-0
-0
-0
0
0
0
-0
0
-0
0
0
-0
-0
-0
-0
0
-0
-0
-0
-0
-0
0
0
-0
0
0
0
0
-0
-0
0
-0
-0
0
0
-0
0
-0
0
0
-0
0
0
0
-0
-0
0
-0
-0
0
-0
-0
-0
0
-0
-0
0
0
-0
-0
-0
-0
0
0
0
-0
-0
-0
-0
-0
-0
0
0
-0
0
-0
-0
-0
-0
-0
0
0
0
0
0
-0
0
0
0
-0
-0
-0
-0
-0
0
-0
-0
0
0
-0
0
-0
0
-0
-0
0
-0
-0
-0
-0
0
0
0
0
0
0
-0
0
-0
0
0
-0
0
0
0
0
0
0
0
0
0
-0
-0
0
0
0
-0
-0
-0
-0.0253835
0.052185
-0
-0
-0
0
-0
0
-0
0
0
-0
0
-0
0
-0
-0
0
-0
0
0
0
-0
0
0
0
0
0
0
-0
0
-0
0
-0
-0
0
-0
-0
-0
0
0
-0
-0
0
-0
0
0
0
-0
-0
0
0
0
-0
0
0
0
-0
-0
0
-0
0
0
0
-0
0
-0
0
0
-0
-0
-0
0
0
-0
-0
-0
-0
0
0
-0
0
-0
-0
0
-0
-0
-0
-0
0
0
-0
0
0
0
-0
-0
-0
-0
-0
0
0
0
-0
-0
0
0
0
0
0
-0
-0
0
0
0
0
0
-0
0
-0
-0
0
0
-0
-0
-0
0
-0
-0
-0
0
-0
0
0
0
0
0
0
-0
0
0
-0
-0
0
-0
-0
-0
0
0
-0
-0
-0
-0
-0
-0
0
-0
0
0
0
0
0.0490118
0.0628115
0
0
0
0
-0
-0
0
-0
0
-0
-0
-0
0
-0
0
0
-0
0
-0
-0
-0
0
-0
0
0
0
0
-0
0
0
-0
-0
0
0
-0
0
-0
0
-0
-0
0
0
-0
-0
-0
0
0
-0
0
0
-0
-0
0
0
0
0
-0
-0
-0
-0
-0
0
0
0
0
0
0
0
0
-0
-0
0
0
-0
-0
0
-0
-0
-0
0
-0
0
-0
-0
-0
0
0
-0
-0
-0
0
0
-0
-0
0
0
0
0
-0
0
0
0
0
-0
0
0
-0
-0
-0
-0
-0
0
0
0
0
0
-0
0
0
-0
-0
0
-0
-0
0
-0
-0
-0
0
-0
-0
0
0
0
-0
-0
0
-0
-0
-0
-0
-0
-0
0
-0
-0
0
-0
-0
-0
-0
0
0
-0
0
0
-0
-0
0
-0
0
-0
-0
-0
0
-0
0
-0
0
0
-0
-0
-0
0
-0.0306202
-0
-0
0
-0
-0
0
-0
-0
0
-0
-0
0
-0
0
-0
0
0
-0
0
-0
-0
0
0
0
-0
0
-0
-0
0
0
-0
0
-0
0
-0
0
0
0
-0
0
-0
-0
-0
0
0
-0
-0
-0
-0
-0
0
-0
0
0
-0
-0
0
0
-0
0
0
0
0
0
-0
-0
0
0
-0
0
0
0
-0
-0
-0
-0
0
-0
-0
-0
-0
0
-0
0
0
0
-0
0
0
0
0
-0
0
-0
0
0
0
-0
-0
-0
-0
-0
-0
-0
0
0
-0
-0
0.0858571
-0.130796
0.0804214
0
0
0
0
0
-0
0
0
-0
-0
-0
0
0
0
0
-0
0
-0
0
0
-0
0
0
-0
-0
0
0
-0
-0
-0
-0
0
0.0603797
-0.0541689
-0
0
0
-0
-0
-0
0
0
-0
0
-0
0
-0
0
0
0
0
-0
0
-0
0
-0
-0
-0
0
-0
-0
-0
0
-0
0
0
0
-0
-0
-0
-0
0
0
-0
-0
0
0
-0
-0
-0
-0
-0
0
0
0
0
-0
0
0
-0
-0
-0
0
-0
0
0
0
0
0
0
-0
0
0
-0
-0
-0
-0
-0
-0
0
0
0
-0
0
0
-0
0
-0
-0
0
0
-0
0
-0
-0
0
-0
-0
-0
-0
0
-0
-0
-0
-0
-0
-0
-0
-0
0
0
0
-0
-0
0
0
-0
0
-0
-0
-0
0
-0
0
0
0
0
0
0
0
-0
0
0
0
0
-0
-0
-0
-0
-0
0
-0
0
-0
0
-0
-0
0
-0
-0
0
0
0
0
0
0
-0
-0
-0
0
0
0
0
-0
0
0
-0
0
0
-0
-0
-0
0
-0
-0
0
-0
-0
0
0
0
0
-0
0
-0
0
0
0
0
0
0
-0
-0
0
-0
0
0
0
-0
0
-0
-0
0
0
0
-0
0
0
-0
-0
-0
-0
-0
-0
-0
0
0
0
0
-0
-0
-0
0
0
0
-0
0
-0
0
-0
-0
-0
0
-0
0
-0
0
0
0
0
-0
0
-0
-0
0
-0
-0
0
0
0
-0
-0
-0
0
-0
0
-0
-0
-0
-0
0
0
0
-0
-0
-0
-0
-0
-0
0
0
0
0
-0
0
-0
0
0
-0
0
-0
0
0
0
-0
0
0
0
0
-0
-0
0
0
0
0
0
-0
-0
0
0
-0
0
-0
-0
0
0
-0
0
-0
-0
-0
-0
0
0
-0
0
0
0
0
-0
-0
-0
0
-0
0
0
0
0
0
-0
-0
-0
-0
-0
-0
-0
0
-0
0
-0
0
-0
-0
-0
0
-0
0
0
0
0
-0
-0
0
0
0
0
0
0
-0
0
0
-0
0
-0
-0
-0
-0
-0
0
0
0
-0
0
-0
0
-0
-0
0
-0
0
-0
0
0
0
-0
0
0
0
0
-0
0
-0
0
-0
0
-0
0
0
0
0
-0
0
0
-0
-0
0
-0
-0
-0
-0
0
0
-0
0
0.0394437
0.0847126
0
0
-0
0
0
0
0
-0
-0
-0
-0
0
-0
0
0
0
-0
-0
-0
-0
0
0.0766275
-0.0343352
0.0313632
0
-0
-0
0
0
-0
0
0
-0
-0
0
-0
0
0
0
0
-0
-0
-0
0
0
-0
0
0
-0
-0
-0
0
-0
-0
-0
-0
0
-0
0
0
0
0
-0
-0
0
-0
-0
-0
-0
0
-0
0
-0
-0
0
-0
-0
0
0
-0
-0
0
-0
0
0
0
0
0
0
-0
0
0
-0
0
-0
-0
-0
0
0.0393386
0
-0
0
-0
0
0
-0
-0
0.133109
0.0813798
-0.0517288
0.09377
0.0420412
-0
0
-0
0
0
-0
-0.0781577
-0
0
0
0
0
0.0471458
0
-0
0
0
0
-0
0
-0
-0
0
0.0997941
0
-0
-0
0
-0
-0
0
-0
-0
-0.0384036
0
-0
0
0
-0
0
-0
-0
-0
-0
0
0
-0
-0
-0
0
0
0
-0
-0
0
0
-0
-0
0
0
0
0
0
-0
0
0
0
0
-0
0
-0.088467
0.130193
0
-0
0
0
0
0
-0
0
-0
0
-0
-0
-0
0
-0
0
-0
0
0
-0
-0
0
0
0
-0
-0
-0
-0
0
0
-0
-0
-0
-0
0
-0
0
0
0
-0
-0
0
-0
-0
0
-0
-0
-0
-0
-0
0
0
-0
0
0
-0
0
-0
0
0
0
0
-0
0
0
-0
0
-0
-0
-0
-0
0
-0
-0
0
0
0
0
0
0
0
0
0
0
-0
-0
-0
-0
-0
0
0
-0
0
-0
-0
0
-0
0
0
0
-0
-0
-0
-0
-0
0
0
-0
0
-0
0
-0
-0
-0
0
0
0
-0
-0
0
-0
0
-0
0
0
-0
0
0
0
0
0
0
0
0
-0
0
-0
-0
0
0
0
-0
-0
0
0
0
-0
0
0
0
0
0
-0
-0
-0
-0
-0
0
0
-0
-0
-0
-0
-0
-0
-0
0
-0
-0
-0
-0
-0
0
0
-0
0
0
-0
0
-0
0
-0
0
-0
0
-0
0
0
-0
0
0
-0
-0
0
-0
0
-0
0
-0
0
0
-0
-0
-0
0
0
-0
-0
0
-0
0
-0
-0
0
0
0
-0
-0
0
0
0
-0
0
-0
-0
-0
-0
-0
0
-0
-0
-0
-0
-0
-0
0
-0
0
-0
-0
-0
0
0
-0
-0
-0
0
-0
-0
0
0
0
0
0
-0
0
-0
0
-0
0
0
0
-0
0
-0
-0
0
-0
0
-0
0
-0
0
0
0
-0
-0
-0
0
0.0802134
0
-0
0
0
-0
0
-0
0
-0
-0
0
0
0
-0
0
0
0
-0
-0
0
-0
0
0
-0
-0
0.0268211
0
0
0
-0
0
-0
-0
0
0
0
0
-0
0
-0
0
0
0
-0
0
-0
-0
-0
-0
0
0.0702338
0
-0
-0
-0
0
0
-0
-0
-0
-0
-0
-0
-0
-0
0
-0
-0
0
-0
0
0
0
0
-0
0
-0
-0
0
-0
-0
0
0
-0
0
0
-0
-0
0
0
0
-0
0
-0
-0
0
0
0
0
-0
0
0
0
-0
0
-0
0
-0
-0
0
0
-0
0
0
0
0
-0
0
0
0
-0
-0
0
-0
0
0
0
0
0
-0
0
0
0
0
0
-0
-0
0
-0
0
-0
0
0
0
-0
-0
-0
0
0
-0
-0
-0
-0
0
-0
-0
-0
-0
0
0
-0
-0
-0
-0
0
0
-0
-0
-0
-0
-0
0
0
-0
-0
0
-0
-0
-0
0
-0
0
-0
0
-0
-0
0
0
0
-0
0
-0
0
-0
0
-0
-0
0
0
0
-0
-0
0
0
0
0
0
-0
0
0
-0
-0
-0
0
0
0
-0
0
-0
0
0
0
-0
-0
-0
-0
0
-0
0
0
0
0
-0
0
-0
0
-0
-0
0
-0
0
-0
-0
-0
0
0
0
0
0
0
0
-0
-0
-0
0
0
-0
-0
0
0
-0
0
0
0
0
0
0
0
0
0
0
0
-0
0
-0
-0
0
0
-0
-0
-0
-0
-0
-0
-0
-0
0
-0
-0
0
0
-0
0
-0
-0
0
0
0
0
0
-0
0
-0
0
-0
-0
-0
-0
0
-0
-0
-0
-0
0
0
0
-0
0
-0
-0
-0
-0
-0
0
0
0
0
-0
0
0
-0
-0
0
0
0
0
-0
0
-0
-0
-0
0
0
-0
-0
0
-0
-0
0
-0
-0
0
0
-0
-0
0
-0
-0
0
0
0
0
-0
-0
0
0
-0
-0
-0
-0
-0
0
-0
-0
0
-0
-0
-0
-0
-0
-0
-0
-0
-0
0
0
-0
0
0
-0
0
-0
-0
-0
-0
0
-0
-0
0
0
-0
0
-0
0
0
0
-0
0
0
-0
-0
-0
-0
0
0
0
0
-0
-0
0
0
0
-0
-0
-0
-0
0
-0
-0
-0
0
-0
0
0
-0
-0
-0
-0
0
-0
-0
0
0
0
-0
-0
-0
-0
-0
-0
-0
0
0
0
0
0
0
-0
-0
0
0
0
0
0
0
0
-0
0
-0
0
0
0
0
0
0
0
0
0
-0
-0
0
0
0
0
0
-0
-0
-0
0
-0
0
-0
0
-0
-0
-0
-0
-0
0
-0
-0
-0
-0
0
0
-0.0749121
-0
-0
-0
0
0
0
-0
-0
-0
-0
-0
-0
-0
0
-0
0
0
0
-0
0.0117479
-0
0
-0
-0
0
0
-0
-0
-0
0
0
0
-0
-0
0
0
0
0
-0
-0
-0
0
0
0
0
-0
0
0
0
0
0
0
0
0
-0
-0
0
0
-0
-0
0
0
0
-0
0
-0
-0
0
0
0
0
0
-0
0
0
0
-0
-0
-0
0
-0
0
0
0
0
-0
0
0
0
-0
0
0
-0
0
0
-0
0
0
-0
0
-0
-0
0
-0
0
0
0
0
0
0
0
-0
0
-0
-0
0
0
0
-0
0
-0
-0
0
-0
0
-0
0
0
-0
0
0
0
0
0
-0
0
0
-0
0
0
-0
-0
0
-0
0
-0
0
0
0
0
-0
0
-0
-0
0
0
-0
-0
0
0
0
-0
-0
-0
-0
-0
-0
0
0
-0
-0
0
0
0
-0
0
0
-0
0
0
-0
-0
-0
-0
0
0
-0
0
0
0
-0
0
0
-0
-0
0
-0
-0
0
-0
-0
0
0
0
0
-0
-0
-0
-0
-0
0
-0
-0
0
0
0
0
0
-0
0
0
-0
0
-0
-0
-0
-0
0
-0
-0
0
-0
-0
-0
0
-0
-0
0
0
0
-0
0
-0
-0
0
0
-0
0
-0
0
0
0
0
0
-0
-0
-0
0
-0
0
0
-0
0
-0
0
0
-0
-0
0
-0
0
-0
0
0
0
-0
0
-0
0
0
0
-0
-0
0
0
-0
0
-0
0
-0
0
0
0
0
0
-0
-0
-0
0
-0
-0
-0
0
0
0
0
-0
0
0
0
0
-0
0
-0
-0
-0
-0
-0
-0
0
-0
0
-0
0
0
0
0
-0
0
-0
-0
-0
-0
-0
0
0
-0
-0
0
0
-0
0
-0
-0
0
-0
-0
0
-0
0
-0
0
0
-0
-0
0
-0
0
0
-0
0
0
-0
0
-0
-0
0
-0
0
0
-0
0
-0
-0
0
-0
-0
0
-0
-0
-0
-0
-0
-0
-0
0
0
0
0
-0
0
0
-0
-0
-0
-0
-0
0
0
0
0
0
0
0.00493442
-0
-0
0
-0
-0
-0
0
-0
-0
0
0
-0.0349656
0
0.0376642
-0.0228615
0
-0
-0
0
0
-0
-0
-0
0
-0
-0
0.0613901
0
0.00293074
0
-0
-0
-0
0
0
0
-0
0
-0
-0
0
-0
0
-0
-0
-0
0
-0
-0
0
-0
0
0
-0
-0
0
-0
-0
0
0
0
0
0
0
-0
0
-0
0
-0
-0
-0
0
-0
0
0
0
0
0
-0
0
-0
0
-0
0
-0
-0
0
-0
-0
0
-0
0
-0
0
0
0
-0
-0
0
-0
0
0
0
-0
0
-0
-0
-0
0
-0
-0
0
-0
-0
0
0
0
-0
0
-0
-0
0
-0
-0
-0
-0
-0
0
0
0
-0
0
-0
-0
-0
0
-0
-0
0
-0
-0
-0
-0
0
0
-0
-0
-0
-0
0
-0
0
0
-0
0
0
-0
0
-0
0
0
-0
-0
-0
-0
-0
0
0
0
-0
0
-0
-0
0
0
-0
0
0
-0
-0
-0
-0
-0
-0
-0
-0
0
-0
0
0
0
-0
0
0
-0
0
0
-0
0
0
0
0
-0
0
-0
0
-0
0
-0
-0
-0
-0
-0
0
0
-0
0
0
0
-0
0
0
0
-0
0
-0
0
0
-0
-0
0
-0
0
0
-0
-0
-0
-0
-0
-0
0
0
-0
-0
0
0
0
0
-0
0
-0
0
0
-0
-0
-0
0
0
0
0
-0.0857164
0.060012
-0
0
0
0
0
0
-0
-0
0
-0
-0
-0
-0
-0
0
0
0
-0
-0
0
-0
-0
-0
-0
-0
0
0
0
0
0
0
-0
0
0
-0
0
0
-0
-0
0
-0
-0
-0
0
-0
0
-0
-0
-0
-0
0
0
-0
-0
0
-0
0
0
-0
-0
-0
-0
-0
-0
0
0
0
0
-0
0
-0
-0
-0
0
-0
0
-0
0
0
-0
-0
-0
-0
-0
-0
0
0
0
0
-0
0
0
0
-0
-0
0
-0
0
0
-0
0
0
-0
-0
-0
-0
0
0
0.0830921
0
-0
-0
0
-0
0
-0
-0
0
-0
-0
0
0
0
-0
0
0
0
0
0
-0
0
0
0
0
0
0
0
0
0
-0
0
-0
0
-0
-0
0
0
0
-0
-0
0
-0
-0
0
0
0
0
0
0
0
0
-0
-0
0
-0
0
-0
-0
-0
-0
-0
-0
0
0
0
0
0
0
0
-0
-0
0
-0
0
0
0
-0
0
0
0
0
0
-0
-0
-0
0
0
-0
-0
-0
-0
0
-0
-0
0
-0
0
-0
-0
-0
0
0
0
0
-0
-0
0
-0
0
-0
-0
0
0
0
0
-0
-0
0
-0
0
0
0
0
0
0
0
0
0
-0
0
0
0
-0
0
0
0
0
0
0
-0
-0
0
0
0
0
0
-0
-0
0
-0
0
-0
0
-0
-0
-0
0
0
0
-0
-0
-0
0
-0
0
-0
0
-0
0
-0
-0
0
0
-0
-0
0
-0
-0
0
0
-0
0
0
-0
-0
0
0
0
0
0
-0
0
-0
0
-0
0
0
-0
0
0
-0
0
0
-0
0
-0
0
0
-0
-0
0
-0.0347736
-0
0
-0
-0
0
-0
0
-0
0
-0
-0
-0
-0
-0
-0
-0
-0
0
0
-0
-0
0
-0
0
-0
0
0
-0
-0
0
0
0
0
-0
-0
-0
-0
0
-0
-0
-0
0
-0
0
-0
0
-0
-0
0
-0
-0
-0.0617451
-0
0
0
-0
-0
-0
-0
-0
-0
0
-0.108975
0.00590579
-0.0520193
0
0
-0
0
-0
0
-0
-0.0637857
-0
-0
-0
-0
0
0
-0
0
-0
-0
-0
-0
0
-0
-0
0
-0
0
-0
0
0
0
0
0
0
0
0
-0
0
0
0
0
-0
-0
-0
0
0
-0
0
-0
-0
-0
-0
-0
-0
-0
0
0
-0
0
0
0
-0
-0
-0
0
-0
-0
0
0
-0
0
-0
0
0
0
0
-0
0
0
0
-0
-0
-0
-0
0
0
-0
0
-0
-0
-0
0
-0
0
0
-0
0
-0
0
-0
0
-0
-0
-0
0
0
-0
0
-0
0
-0
0
-0
-0
-0
0
0
-0
-0
-0
-0
0
-0
-0
0
0
0
-0
-0
-0
-0
-0
0
-0
-0
0
0
0
0
-0
0
-0
0
0
0
0
-0
-0
0
-0
-0
0
0
0
-0
-0
0
-0
-0
-0
-0
-0
-0
-0
0
0
-0
0
0
0
0
0
-0
-0
-0
0
-0
0
-0
-0
-0
-0
0
0
-0
0
-0
-0
-0
-0
-0
-0
0
-0
-0
-0
0
0
0
0
0
-0
-0
-0
-0
-0
-0
0
-0
0
-0
0
0
0
-0
-0
-0
0
-0
0
-0
0.030792
-0
-0
-0
0
0
0
0.0395424
-0
-0
0
0
0
-0
-0
0
0
0
-0
0
-0
-0
-0
-0
-0
0
-0
0
0
0
0
0
0
0
0
0
-0
-0
-0
-0
0
0
0
-0
-0
0
-0
0
0
0
-0
0
0
0
-0
-0
0
-0
-0
-0
0
-0
-0
0
0
0
-0
-0
0
-0
-0
0
-0
0
0
0
0
0
-0
0
0
0
-0
-0
0
-0
0
-0
-0
-0
0
0
0
0
0
0
-0
0
0
0
-0
0
-0
-0
-0
0
0
0
0
-0
-0
0
-0
-0
-0
-0
-0
-0
-0
0
-0
-0
0
0
-0
0
-0
-0
-0
-0
0
-0
0
-0
0
0
-0
-0
-0
0
0
0
-0
-0
0
-0
0
0
-0
-0
0
-0
0
-0
0
-0
0
0
-0
0
0
-0
-0
-0
0
0
0
0
-0
0
0
-0
-0
-0
0
-0
0
0
0
-0
-0
-0
0
-0
-0
-0
-0
0
0
0
-0
-0
-0
0
0
0
0
-0
-0
0
0
0
0
0
0
0
-0
0
0
0
-0
0
0
0
0
-0
-0
-0
-0
-0
0
0
0
-0
-0
-0
0
-0
0
-0
-0
0
-0
-0
-0
-0
-0
0
0
0
-0
-0
-0
-0
0
-0
0
0
-0
0
0
-0
0
-0
-0
0
-0
0
0
0
0
-0
-0
-0
0
-0
0
-0
-0
-0
-0
-0
-0
-0
-0
-0
-0
-0
0
-0
-0
0
-0
0
-0
0
0
0
-0
0
0
0
-0
-0
-0
0
-0
0
-0
-0
-0
-0
-0
0
-0
-0
0
0
-0
0
-0
-0
-0
0
0
-0
0
-0
-0
0
0
-0
0
0
0
-0
-0
-0
0
-0
-0
-0
-0
0
-0
-0
0
0
0
-0
0
0
-0
-0
0
0
0
-0
0
0
-0
0
-0
-0
-0
0
0
-0
-0
0
-0
0
0
-0
0
-0
-0
0
0
0
0
0
0
-0
0
0
0
0
0
0
0
-0
-0
0
0
-0
-0
0
0
-0
0
-0
-0
0
0
-0
-0
0
-0
0
0
-0
0
-0
0
0
0
-0
-0
0
0
0
-0
-0
0
-0
-0
-0
0
-0
-0
-0
-0
-0
-0
-0
-0
-0
-0
0
-0
-0
-0
-0
-0
0
0
-0
-0
0
0
-0
0
0
0
-0
-0
0
0
-0
-0
0
-0
0
-0
0
0
0
0
-0
-0
0
0
-0
0
-0
0
-0
0
0
0
-0
0
-0
-0
0
0
-0
-0
0
-0
0
-0
0
-0
0
-0
0
-0
-0
-0
0
-0
-0
0
-0
-0
0
-0
0
-0
-0
0
-0
-0
0
0
0
0
0
0
-0
-0
-0
0
0
-0
0
0
0
-0
0
0
-0
-0
-0
0
0
-0
0
0
0
-0
0
0
-0
0
0
-0
0
0
0
0.0740169
-0.0184431
0
-0
-0
-0
0
0
-0
0
0
0
-0
-0
-0
-0
0
-0
-0
0
-0
0
-0
-0
-0
-0
-0
-0
0
-0
0
-0
-0
-0
0
-0
-0
0
0
-0
0
-0
0
0
-0
-0
-0
-0
-0
-0
-0
0
0
0
-0
0
-0
0
0
0
0
0
0
0
-0
0
-0
0
0
0
0
0
-0
-0
0
0
0
0
0
0
0
0
0
0
0
0
-0
-0
0
-0
0
-0
0
0
0
-0
0
-0
0
-0
0
0
-0
0
-0
0
0
-0
0
0
0
-0
0
-0
-0
0
-0
-0
-0
0
0
-0
-0
0
0
-0
-0
0
-0
-0
-0
0
-0
-0
-0
0
-0
-0
-0
0
0
0
0
-0
0
-0
-0
-0
-0
-0
-0
-0
0
-0
-0
0
0
-0
-0
-0
0
0
0
-0
0
0
-0
0
0
-0
-0
0
0
-0
0
0
-0
0
0
0
0
0
0
0
-0
-0
-0
-0
0
-0
-0
-0
-0
-0
-0
0
0
-0
0
0
-0
0
-0
-0
-0
0
-0
0
0
0
-0
-0
0
-0
0
0
0
-0.021702
-0
0
-0
-0
0
-0
0.0811782
-0.0103835
0
0
-0
-0
0
-0
0
0
-0
-0
0
-0
0
-0
-0
0
-0
0
-0
-0
-0
-0
-0
-0
0
0
-0
-0
0
-0
0
0
0
-0
-0
0
-0
0
0
-0
-0
0
0
0
-0
0
0
-0
-0
0
-0
-0
-0
0
0
-0
-0
-0
-0
0
-0
0
-0
0
0
-0
-0
-0
0
-0
0
-0
-0
0
-0
0
-0
-0
-0
-0
-0
-0
0
0
-0
-0
-0
-0
-0
0
0
-0
0
0
0
-0
0
0
0
0
-0
-0
-0
0
-0
-0
-0
-0
-0
0
-0
0
-0
-0
0
0
0
-0
0
-0
-0
-0
0
0
-0
-0
-0
-0
0
0
-0
0
0
0
-0
-0
0
-0
-0
-0
0
-0
0
-0
0
-0
-0
-0
-0
-0
-0
-0
-0
-0
0
0
-0
0
-0
0
-0
0
-0
-0
0
-0
0
-0
0
-0
0
0
-0
0.0338709
0
0
0
-0
0
0
0
-0
0
-0
0
0
0
0
0
0
0
-0
0
0
0
0
-0.122522
-0
-0
0
0
0
-0
0
-0
-0
0
-0
0
-0
0
-0
-0
-0
0
-0
0
0
-0
-0
0
-0
0
0
0
0
0
-0
0
0
0
-0
0
0
-0
-0
-0
-0
-0
0
0
-0
-0
-0
-0
0
-0
0
-0
-0
-0
0
-0
0
0
0
0
0
-0
-0
-0
0
-0
-0
0
0
-0
0
0
-0
0
0
0
-0
0
-0
0
0
-0
0
0
0
-0
-0
0
0
-0
-0
0
0
-0
-0
0
-0
0
0
-0
-0
0
-0
-0
-0
0
0
-0
-0
0
-0
0
-0
0
0
-0
-0
0
0
-0
-0
-0
0
0
0
-0
-0
-0
-0
0
0
-0
0
0
0
0
0
0
-0
-0
0
0
-0
-0
-0
-0
0
-0
0
0
0
0
0
-0
-0
-0
0
-0
-0
0
-0
-0
0
0
0
0
0
-0
0
0
0
-0
-0
0
-0
-0
-0
0
0
0
-0
0
-0
-0
-0
-0
-0
0
-0
-0
-0
0
0
-0
-0
0
-0
0
0
0
-0
-0
0
-0
-0
0
0
-0
-0
0
-0
0
-0
0
-0
0
0
0
-0.0764237
-0
0
0
-0
-0
-0
0
0
-0
-0
0
0
-0
-0
-0
-0
-0
-0
-0
-0
0
-0
0
-0
0
-0
0
-0
-0
0
0
0
-0
-0
0
0
0
0
-0
0
0
-0
0
-0
-0
0
-0
-0
0
0
0
0
-0
-0
0
0
0
0
0
-0
0
-0
0
0
0
-0
-0
-0
0
0
0
0
-0
0
0
-0
-0
-0
-0
-0
0
-0
-0
0
0
0
0
0
-0
0
-0
-0
0
-0
-0
0
-0
0
0
-0
-0
-0
-0
0
-0
-0
0
-0
-0
0
-0
-0
0
-0
-0
-0
-0
0
0
-0
-0
-0
0
0.094639
-0
0
-0
-0
-0
-0
-0
-0
-0
-0
-0
-0
-0
-0
0
0
-0
0
-0
0
0
-0
0
-0
-0
-0
-0
-0
-0
-0
-0
0
-0
-0
0
0
0
0
-0
-0
-0
0
0
-0
0
0
-0
-0
-0
0
0
-0
0
0
0
-0
-0
0
-0
0
-0
0
0
-0
-0
0
-0
-0
-0
0
0
0
0
-0
0
-0
-0
-0
0
-0
0
-0
-0
0
-0
0
0
-0
-0
-0
0
0
-0
0
-0
0
0
0
0
-0
0
-0
-0
0
-0
0
-0
-0
-0
-0
0
0
0
0
0
0
0
-0
-0
0
-0
-0
0
0
0
-0
-0
-0
0
0
0
0
0
-0
-0
-0
-0
-0
-0
0
0
0
-0
-0
0
0
-0
-0
0
-0
-0
0
0
0
-0
-0
0
0
0
0
0
0
-0
-0
-0
0
0
-0
-0
0
0
-0
0
-0
-0
0
-0
0
-0
0
0
-0
0
0
0
-0
-0
-0
-0
0
-0
0
-0
0
0
-0
0
0
0
0
-0
-0
-0
-0
-0
0
-0
-0
-0
0
-0
0
0
0
-0
0
0
-0
0
0
0
-0
0.000873018
-0.0795484
-0
0
-0
-0.0275286
0
0
-0
0
-0
0
0
-0
-0
0
0
0
-0
-0
-0
0
0
0
-0
0
-0
-0
0
0
0
0
-0
0
-0
0
-0
-0
0
0
0
0
-0
0
-0
-0
0
0
0
-0
-0
-0
0
-0
0
0
-0
0
0
0
0
0
0
-0
-0
-0
-0
-0
-0
0
0
0
-0
0
-0
0
0.0728603
0
0
0
0
-0
-0
-0
-0
-0
0
0
0
-0
0
-0
-0
0
0
0
0
0
0
0
0
0
0
-0
0
0
-0
0
0
0
-0
-0
0
0
-0
0
-0
0
0
-0
-0
-0
0
0
0
-0
-0
0
0
-0
-0
0
0
0
-0
0
-0
0
-0
0
0
-0
-0
0
-0
0
-0
0
-0
0
0
-0
0
-0
0
0
-0
0
0
0
0
-0
0
-0
-0
0
-0
0
-0
0
0
-0
0
0
0
0
0
0
0
0
0
0
-0
-0
-0
0
0
0
0
0
-0
-0
0
-0
-0
0
-0
-0
0
0
-0
-0
-0
-0
0
-0
-0
0
0
-0
-0
-0
-0
0
0
-0
-0
0
0
-0
0
0
0
0
0
-0
0
-0
0
-0
-0
0
0
0
0
-0
0
0
-0
-0
0
0
0
-0
-0
0
0
-0
-0
0
-0
0
-0
0
-0
-0
-0
0
-0
-0
-0
-0
0
0
-0
0
-0
0
-0
-0
0
0
-0
-0
0
0
-0
0
0
0
-0
-0
-0
0
-0
0
-0
-0
0
-0
-0
0
-0
-0
-0
0
-0
-0
0
0
-0
-0
0
-0
0
0
0
0
-0
0
0
-0
0
-0
0
0
0
-0
0
0
-0
-0
-0
0
-0
0
-0
-0
0
-0
-0
-0
-0
-0
0
-0
0
0
0
-0
0
-0
0
-0
-0
0
-0
0
-0
0
-0
-0
0
-0
0
-0
0
-0
-0
-0
-0
0
0
-0
0
-0
0
-0
-0
0
0
0
0
0
0
-0
0
0
-0
0
-0
0
0
-0
0
0
0
-0
0
0
0
0
0
-0
-0
0
0
-0
0
0
0
0
0.0763255
-0
-0
0
0
-0
-0
0
-0
0
0
